549.6131	92.8586
550.5773	92.6318
551.5416	92.4336
552.5058	92.2695
553.4700	92.1385
554.4343	92.028
555.3985	91.9119
556.3627	91.7598
557.3270	91.5506
558.2912	91.2848
559.2554	90.9848
560.2197	90.6846
561.1839	90.4152
562.1481	90.1932
563.1124	90.0602
564.0766	90.0058
565.0408	90.001
566.0051	90.0157
566.9693	90.0324
567.9335	90.0491
568.8978	90.0749
569.8620	90.1217
570.8262	90.1987
571.7905	90.3091
572.7547	90.4495
573.7189	90.6098
574.6832	90.7724
575.6474	90.914
576.6116	91.0115
577.5759	91.0512
578.5401	91.0389
579.5043	91.0027
580.4686	90.9853
581.4328	91.0266
582.3970	91.1468
583.3613	91.3389
584.3255	91.5741
585.2897	91.8157
586.2540	92.0343
587.2182	92.2181
588.1824	92.3739
589.1467	92.5197
590.1109	92.673
591.0751	92.8438
592.0394	93.0325
593.0036	93.2326
593.9678	93.4334
594.9321	93.6228
595.8963	93.7887
596.8605	93.9218
597.8248	94.0188
598.7890	94.0852
599.7532	94.1355
600.7175	94.1895
601.6817	94.2673
602.6459	94.3829
603.6102	94.5399
604.5744	94.7309
605.5386	94.9402
606.5029	95.1476
607.4671	95.3336
608.4313	95.4834
609.3956	95.5914
610.3598	95.663
611.3240	95.7136
612.2883	95.7622
613.2525	95.8235
614.2167	95.901
615.1810	95.9851
616.1452	96.0569
617.1094	96.097
618.0737	96.0945
619.0379	96.0526
620.0021	95.9876
620.9664	95.9229
621.9306	95.8798
622.8948	95.8692
623.8591	95.888
624.8233	95.9227
625.7875	95.9569
626.7518	95.9787
627.7160	95.9829
628.6802	95.9694
629.6445	95.9393
630.6087	95.8939
631.5729	95.8353
632.5372	95.7671
633.5014	95.6944
634.4656	95.6207
635.4299	95.5464
636.3941	95.4697
637.3583	95.391
638.3226	95.3169
639.2868	95.2602
640.2510	95.2348
641.2153	95.2475
642.1795	95.293
643.1437	95.3546
644.1080	95.4114
645.0722	95.4459
646.0364	95.4496
647.0007	95.4243
647.9649	95.3804
648.9291	95.3324
649.8934	95.2938
650.8576	95.2733
651.8218	95.2728
652.7861	95.2878
653.7503	95.3079
654.7145	95.317
655.6788	95.2949
656.6430	95.2306
657.6072	95.139
658.5715	95.0514
659.5357	94.9904
660.4999	94.9605
661.4642	94.9532
662.4284	94.9542
663.3926	94.9514
664.3569	94.9393
665.3211	94.9209
666.2853	94.9052
667.2496	94.9017
668.2138	94.9156
669.1780	94.9466
670.1423	94.9905
671.1065	95.0426
672.0707	95.0986
673.0350	95.1546
673.9992	95.2063
674.9634	95.2498
675.9277	95.283
676.8919	95.3076
677.8561	95.3316
678.8204	95.3706
679.7846	95.4467
680.7488	95.5748
681.7131	95.7437
682.6773	95.9229
683.6415	96.0852
684.6058	96.2156
685.5700	96.3096
686.5342	96.3707
687.4985	96.4093
688.4627	96.4402
689.4269	96.4781
690.3912	96.5334
691.3554	96.6091
692.3196	96.7019
693.2839	96.8035
694.2481	96.9051
695.2123	97.0004
696.1766	97.0878
697.1408	97.17
698.1050	97.2516
699.0693	97.3353
700.0335	97.4189
700.9977	97.4953
701.9620	97.5541
702.9262	97.5867
703.8904	97.59
704.8547	97.5685
705.8189	97.5327
706.7831	97.4963
707.7474	97.4707
708.7116	97.4613
709.6758	97.4665
710.6401	97.4802
711.6043	97.4948
712.5685	97.5044
713.5328	97.5055
714.4970	97.4977
715.4612	97.4826
716.4255	97.4631
717.3897	97.442
718.3539	97.421
719.3182	97.3995
720.2824	97.3746
721.2466	97.3416
722.2109	97.2967
723.1751	97.2381
724.1393	97.1688
725.1036	97.0958
726.0678	97.0281
727.0320	96.9741
727.9963	96.9375
728.9605	96.9164
729.9247	96.9039
730.8890	96.8911
731.8532	96.8708
732.8174	96.8413
733.7817	96.8061
734.7459	96.7705
735.7101	96.7376
736.6744	96.7062
737.6386	96.6718
738.6028	96.6295
739.5671	96.5777
740.5313	96.5192
741.4955	96.4608
742.4598	96.4103
743.4240	96.3732
744.3882	96.3511
745.3525	96.3409
746.3167	96.3369
747.2809	96.3337
748.2452	96.3284
749.2094	96.3218
750.1736	96.3181
751.1379	96.3225
752.1021	96.3388
753.0663	96.3678
754.0306	96.4067
754.9948	96.4503
755.9590	96.4927
756.9233	96.5295
757.8875	96.5589
758.8517	96.5826
759.8160	96.6049
760.7802	96.6315
761.7444	96.6666
762.7087	96.7115
763.6729	96.763
764.6371	96.8148
765.6014	96.8597
766.5656	96.893
767.5298	96.9145
768.4941	96.9285
769.4583	96.9424
770.4225	96.9629
771.3868	96.9934
772.3510	97.0329
773.3152	97.0768
774.2795	97.1196
775.2437	97.157
776.2079	97.1881
777.1722	97.215
778.1364	97.2417
779.1006	97.2713
780.0649	97.3053
781.0291	97.3426
781.9933	97.3805
782.9576	97.4167
783.9218	97.4501
784.8860	97.4813
785.8503	97.5123
786.8145	97.5455
787.7787	97.5828
788.7430	97.6248
789.7072	97.6704
790.6714	97.7173
791.6357	97.762
792.5999	97.8016
793.5641	97.8345
794.5284	97.8615
795.4926	97.8859
796.4568	97.9125
797.4211	97.945
798.3853	97.9849
799.3495	98.0295
800.3138	98.073
801.2780	98.1088
802.2422	98.1322
803.2065	98.1432
804.1707	98.1465
805.1349	98.1506
806.0992	98.1639
807.0634	98.1915
808.0276	98.233
808.9919	98.2825
809.9561	98.3316
810.9203	98.3723
811.8846	98.4
812.8488	98.4148
813.8130	98.4202
814.7773	98.4216
815.7415	98.4241
816.7057	98.4311
817.6700	98.4442
818.6342	98.4633
819.5984	98.4875
820.5627	98.5151
821.5269	98.5445
822.4911	98.5748
823.4554	98.6062
824.4196	98.64
825.3839	98.678
826.3481	98.7219
827.3123	98.7716
828.2766	98.8251
829.2408	98.8783
830.2050	98.9259
831.1693	98.9634
832.1335	98.9891
833.0977	99.005
834.0620	99.0165
835.0262	99.0307
835.9904	99.0534
836.9547	99.0872
837.9189	99.1311
838.8831	99.1811
839.8474	99.2327
840.8116	99.2823
841.7758	99.3281
842.7401	99.3699
843.7043	99.4078
844.6685	99.4413
845.6328	99.4697
846.5970	99.4922
847.5612	99.5082
848.5255	99.5186
849.4897	99.5256
850.4539	99.5322
851.4182	99.5417
852.3824	99.5565
853.3466	99.5778
854.3109	99.6055
855.2751	99.6386
856.2393	99.6757
857.2036	99.7152
858.1678	99.7558
859.1320	99.7958
860.0963	99.8334
861.0605	99.867
862.0247	99.8958
862.9890	99.9206
863.9532	99.9436
864.9174	99.9676
865.8817	99.9947
866.8459	100.025
867.8101	100.059
868.7744	100.094
869.7386	100.129
870.7028	100.164
871.6671	100.199
872.6313	100.235
873.5955	100.274
874.5598	100.313
875.5240	100.35
876.4882	100.384
877.4525	100.415
878.4167	100.443
879.3809	100.473
880.3452	100.505
881.3094	100.542
882.2736	100.581
883.2379	100.621
884.2021	100.659
885.1663	100.697
886.1306	100.735
887.0948	100.777
888.0590	100.823
889.0233	100.873
889.9875	100.924
890.9517	100.973
891.9160	101.021
892.8802	101.068
893.8444	101.118
894.8087	101.171
895.7729	101.228
896.7371	101.286
897.7014	101.343
898.6656	101.397
899.6298	101.447
900.5941	101.495
901.5583	101.543
902.5225	101.591
903.4868	101.64
904.4510	101.69
905.4152	101.74
906.3795	101.791
907.3437	101.846
908.3079	101.904
909.2722	101.969
910.2364	102.038
911.2006	102.112
912.1649	102.186
913.1291	102.26
914.0933	102.331
915.0576	102.398
916.0218	102.462
916.9860	102.52
917.9503	102.574
918.9145	102.624
919.8787	102.672
920.8430	102.723
921.8072	102.78
922.7714	102.844
923.7357	102.916
924.6999	102.992
925.6641	103.067
926.6284	103.137
927.5926	103.201
928.5568	103.26
929.5211	103.316
930.4853	103.372
931.4495	103.43
932.4138	103.489
933.3780	103.548
934.3422	103.603
935.3065	103.655
936.2707	103.701
937.2349	103.742
938.1992	103.781
939.1634	103.817
940.1276	103.853
941.0919	103.888
942.0561	103.923
943.0203	103.959
943.9846	103.996
944.9488	104.035
945.9130	104.074
946.8773	104.111
947.8415	104.143
948.8057	104.17
949.7700	104.192
950.7342	104.207
951.6984	104.219
952.6627	104.226
953.6269	104.229
954.5911	104.229
955.5554	104.23
956.5196	104.233
957.4838	104.242
958.4481	104.257
959.4123	104.276
960.3765	104.299
961.3408	104.323
962.3050	104.348
963.2692	104.375
964.2335	104.404
965.1977	104.435
966.1619	104.466
967.1262	104.493
968.0904	104.514
969.0546	104.529
970.0189	104.54
970.9831	104.55
971.9473	104.564
972.9116	104.584
973.8758	104.611
974.8400	104.642
975.8043	104.677
976.7685	104.713
977.7327	104.749
978.6970	104.783
979.6612	104.814
980.6254	104.839
981.5897	104.86
982.5539	104.877
983.5181	104.895
984.4824	104.915
985.4466	104.939
986.4108	104.966
987.3751	104.996
988.3393	105.028
989.3035	105.06
990.2678	105.092
991.2320	105.124
992.1962	105.157
993.1605	105.19
994.1247	105.223
995.0889	105.255
996.0532	105.286
997.0174	105.318
997.9816	105.35
998.9459	105.386
999.9101	105.426
1000.8743	105.473
1001.8386	105.526
1002.8028	105.582
1003.7670	105.639
1004.7313	105.693
1005.6955	105.743
1006.6597	105.787
1007.6240	105.825
1008.5882	105.86
1009.5524	105.891
1010.5167	105.922
1011.4809	105.951
1012.4451	105.98
1013.4094	106.01
1014.3736	106.042
1015.3378	106.075
1016.3021	106.109
1017.2663	106.143
1018.2305	106.175
1019.1948	106.204
1020.1590	106.231
1021.1232	106.256
1022.0875	106.281
1023.0517	106.305
1024.0160	106.327
1024.9802	106.344
1025.9445	106.356
1026.9087	106.363
1027.8729	106.365
1028.8372	106.365
1029.8014	106.364
1030.7656	106.361
1031.7299	106.356
1032.6941	106.348
1033.6583	106.337
1034.6226	106.324
1035.5868	106.309
1036.5510	106.294
1037.5153	106.282
1038.4795	106.273
1039.4437	106.268
1040.4080	106.266
1041.3722	106.266
1042.3364	106.264
1043.3007	106.259
1044.2649	106.249
1045.2291	106.233
1046.1934	106.211
1047.1576	106.185
1048.1218	106.158
1049.0861	106.132
1050.0503	106.108
1051.0145	106.089
1051.9788	106.073
1052.9430	106.06
1053.9072	106.049
1054.8715	106.041
1055.8357	106.036
1056.7999	106.034
1057.7642	106.035
1058.7284	106.038
1059.6926	106.042
1060.6569	106.044
1061.6211	106.042
1062.5853	106.035
1063.5496	106.024
1064.5138	106.01
1065.4780	105.997
1066.4423	105.99
1067.4065	105.99
1068.3707	105.999
1069.3350	106.015
1070.2992	106.037
1071.2634	106.064
1072.2277	106.094
1073.1919	106.127
1074.1561	106.164
1075.1204	106.204
1076.0846	106.245
1077.0488	106.286
1078.0131	106.326
1078.9773	106.363
1079.9415	106.399
1080.9058	106.436
1081.8700	106.475
1082.8342	106.515
1083.7985	106.559
1084.7627	106.604
1085.7269	106.653
1086.6912	106.705
1087.6554	106.759
1088.6196	106.816
1089.5839	106.872
1090.5481	106.927
1091.5123	106.979
1092.4766	107.026
1093.4408	107.071
1094.4050	107.112
1095.3693	107.152
1096.3335	107.189
1097.2977	107.225
1098.2620	107.26
1099.2262	107.296
1100.1904	107.334
1101.1547	107.375
1102.1189	107.42
1103.0831	107.468
1104.0474	107.518
1105.0116	107.569
1105.9758	107.62
1106.9401	107.671
1107.9043	107.724
1108.8685	107.778
1109.8328	107.835
1110.7970	107.895
1111.7612	107.957
1112.7255	108.021
1113.6897	108.087
1114.6539	108.154
1115.6182	108.223
1116.5824	108.292
1117.5466	108.361
1118.5109	108.43
1119.4751	108.498
1120.4393	108.565
1121.4036	108.63
1122.3678	108.695
1123.3320	108.758
1124.2963	108.821
1125.2605	108.883
1126.2247	108.946
1127.1890	109.007
1128.1532	109.068
1129.1174	109.126
1130.0817	109.182
1131.0459	109.236
1132.0101	109.287
1132.9744	109.336
1133.9386	109.385
1134.9028	109.433
1135.8671	109.479
1136.8313	109.524
1137.7955	109.567
1138.7598	109.609
1139.7240	109.65
1140.6882	109.693
1141.6525	109.737
1142.6167	109.783
1143.5809	109.831
1144.5452	109.881
1145.5094	109.932
1146.4736	109.984
1147.4379	110.036
1148.4021	110.086
1149.3663	110.136
1150.3306	110.184
1151.2948	110.229
1152.2590	110.273
1153.2233	110.314
1154.1875	110.355
1155.1517	110.394
1156.1160	110.433
1157.0802	110.472
1158.0444	110.512
1159.0087	110.552
1159.9729	110.592
1160.9371	110.63
1161.9014	110.666
1162.8656	110.699
1163.8298	110.73
1164.7941	110.76
1165.7583	110.789
1166.7225	110.819
1167.6868	110.849
1168.6510	110.879
1169.6152	110.906
1170.5795	110.928
1171.5437	110.945
1172.5079	110.959
1173.4722	110.97
1174.4364	110.983
1175.4006	111
1176.3649	111.02
1177.3291	111.044
1178.2933	111.07
1179.2576	111.096
1180.2218	111.118
1181.1860	111.134
1182.1503	111.144
1183.1145	111.147
1184.0787	111.146
1185.0430	111.141
1186.0072	111.136
1186.9714	111.13
1187.9357	111.123
1188.8999	111.112
1189.8641	111.095
1190.8284	111.073
1191.7926	111.047
1192.7568	111.02
1193.7211	110.996
1194.6853	110.976
1195.6495	110.961
1196.6138	110.948
1197.5780	110.936
1198.5422	110.925
1199.5065	110.913
1200.4707	110.901
1201.4349	110.887
1202.3992	110.868
1203.3634	110.846
1204.3276	110.821
1205.2919	110.798
1206.2561	110.781
1207.2203	110.776
1208.1846	110.785
1209.1488	110.806
1210.1130	110.837
1211.0773	110.872
1212.0415	110.908
1213.0057	110.943
1213.9700	110.975
1214.9342	111.006
1215.8984	111.033
1216.8627	111.058
1217.8269	111.082
1218.7911	111.104
1219.7554	111.128
1220.7196	111.154
1221.6838	111.183
1222.6481	111.214
1223.6123	111.247
1224.5765	111.282
1225.5408	111.321
1226.5050	111.366
1227.4692	111.419
1228.4335	111.48
1229.3977	111.547
1230.3619	111.613
1231.3262	111.675
1232.2904	111.729
1233.2546	111.775
1234.2189	111.816
1235.1831	111.858
1236.1473	111.903
1237.1116	111.953
1238.0758	112.009
1239.0400	112.07
1240.0043	112.132
1240.9685	112.196
1241.9327	112.261
1242.8970	112.326
1243.8612	112.391
1244.8254	112.453
1245.7897	112.512
1246.7539	112.565
1247.7181	112.613
1248.6824	112.654
1249.6466	112.689
1250.6108	112.719
1251.5751	112.744
1252.5393	112.765
1253.5035	112.783
1254.4678	112.799
1255.4320	112.815
1256.3962	112.831
1257.3605	112.845
1258.3247	112.855
1259.2889	112.862
1260.2532	112.864
1261.2174	112.864
1262.1816	112.864
1263.1459	112.867
1264.1101	112.873
1265.0743	112.881
1266.0386	112.889
1267.0028	112.894
1267.9670	112.896
1268.9313	112.895
1269.8955	112.893
1270.8597	112.893
1271.8240	112.895
1272.7882	112.901
1273.7524	112.908
1274.7167	112.916
1275.6809	112.923
1276.6451	112.93
1277.6094	112.935
1278.5736	112.94
1279.5378	112.945
1280.5021	112.949
1281.4663	112.952
1282.4305	112.954
1283.3948	112.956
1284.3590	112.958
1285.3232	112.958
1286.2875	112.957
1287.2517	112.953
1288.2159	112.948
1289.1802	112.944
1290.1444	112.94
1291.1086	112.94
1292.0729	112.942
1293.0371	112.946
1294.0013	112.95
1294.9656	112.953
1295.9298	112.956
1296.8940	112.96
1297.8583	112.966
1298.8225	112.973
1299.7867	112.982
1300.7510	112.99
1301.7152	112.995
1302.6794	112.999
1303.6437	113
1304.6079	112.999
1305.5721	112.997
1306.5364	112.994
1307.5006	112.994
1308.4648	112.996
1309.4291	113.004
1310.3933	113.017
1311.3575	113.035
1312.3218	113.057
1313.2860	113.079
1314.2502	113.1
1315.2145	113.119
1316.1787	113.135
1317.1429	113.15
1318.1072	113.164
1319.0714	113.178
1320.0356	113.192
1320.9999	113.206
1321.9641	113.219
1322.9283	113.229
1323.8926	113.234
1324.8568	113.231
1325.8210	113.216
1326.7853	113.191
1327.7495	113.157
1328.7137	113.121
1329.6780	113.091
1330.6422	113.068
1331.6064	113.054
1332.5707	113.044
1333.5349	113.032
1334.4991	113.016
1335.4634	112.992
1336.4276	112.961
1337.3918	112.925
1338.3561	112.884
1339.3203	112.841
1340.2845	112.796
1341.2488	112.749
1342.2130	112.7
1343.1772	112.651
1344.1415	112.601
1345.1057	112.553
1346.0699	112.507
1347.0342	112.462
1347.9984	112.416
1348.9626	112.368
1349.9269	112.32
1350.8911	112.275
1351.8553	112.236
1352.8196	112.205
1353.7838	112.179
1354.7480	112.156
1355.7123	112.132
1356.6765	112.108
1357.6407	112.084
1358.6050	112.06
1359.5692	112.034
1360.5334	112.005
1361.4977	111.971
1362.4619	111.934
1363.4261	111.899
1364.3904	111.874
1365.3546	111.862
1366.3188	111.866
1367.2831	111.881
1368.2473	111.905
1369.2115	111.935
1370.1758	111.969
1371.1400	112.01
1372.1042	112.06
1373.0685	112.117
1374.0327	112.178
1374.9969	112.238
1375.9612	112.295
1376.9254	112.348
1377.8896	112.399
1378.8539	112.45
1379.8181	112.496
1380.7823	112.534
1381.7466	112.557
1382.7108	112.564
1383.6750	112.558
1384.6393	112.547
1385.6035	112.54
1386.5677	112.54
1387.5320	112.546
1388.4962	112.554
1389.4604	112.56
1390.4247	112.559
1391.3889	112.549
1392.3531	112.529
1393.3174	112.498
1394.2816	112.456
1395.2458	112.406
1396.2101	112.355
1397.1743	112.307
1398.1385	112.268
1399.1028	112.236
1400.0670	112.211
1401.0313	112.185
1401.9955	112.154
1402.9597	112.116
1403.9240	112.068
1404.8882	112.01
1405.8524	111.941
1406.8167	111.865
1407.7809	111.793
1408.7451	111.73
1409.7094	111.68
1410.6736	111.639
1411.6378	111.603
1412.6021	111.567
1413.5663	111.529
1414.5305	111.491
1415.4948	111.454
1416.4590	111.418
1417.4232	111.384
1418.3875	111.35
1419.3517	111.318
1420.3159	111.29
1421.2802	111.265
1422.2444	111.241
1423.2086	111.209
1424.1729	111.16
1425.1371	111.094
1426.1013	111.019
1427.0656	110.95
1428.0298	110.9
1428.9940	110.881
1429.9583	110.896
1430.9225	110.939
1431.8867	110.996
1432.8510	111.051
1433.8152	111.091
1434.7794	111.112
1435.7437	111.113
1436.7079	111.099
1437.6721	111.076
1438.6364	111.053
1439.6006	111.037
1440.5648	111.033
1441.5291	111.037
1442.4933	111.038
1443.4575	111.013
1444.4218	110.939
1445.3860	110.818
1446.3502	110.679
1447.3145	110.565
1448.2787	110.501
1449.2429	110.489
1450.2072	110.508
1451.1714	110.529
1452.1356	110.532
1453.0999	110.509
1454.0641	110.471
1455.0283	110.435
1455.9926	110.415
1456.9568	110.415
1457.9210	110.429
1458.8853	110.441
1459.8495	110.437
1460.8137	110.405
1461.7780	110.349
1462.7422	110.282
1463.7064	110.215
1464.6707	110.156
1465.6349	110.113
1466.5991	110.094
1467.5634	110.113
1468.5276	110.182
1469.4918	110.301
1470.4561	110.444
1471.4203	110.579
1472.3845	110.686
1473.3488	110.76
1474.3130	110.803
1475.2772	110.821
1476.2415	110.818
1477.2057	110.803
1478.1699	110.78
1479.1342	110.757
1480.0984	110.737
1481.0626	110.724
1482.0269	110.72
1482.9911	110.729
1483.9553	110.752
1484.9196	110.788
1485.8838	110.832
1486.8480	110.878
1487.8123	110.926
1488.7765	110.979
1489.7407	111.038
1490.7050	111.102
1491.6692	111.162
1492.6334	111.199
1493.5977	111.185
1494.5619	111.098
1495.5261	110.945
1496.4904	110.77
1497.4546	110.615
1498.4188	110.507
1499.3831	110.454
1500.3473	110.456
1501.3115	110.494
1502.2758	110.543
1503.2400	110.577
1504.2042	110.579
1505.1685	110.549
1506.1327	110.496
1507.0969	110.433
1508.0612	110.371
1509.0254	110.319
1509.9896	110.279
1510.9539	110.243
1511.9181	110.2
1512.8823	110.141
1513.8466	110.064
1514.8108	109.975
1515.7750	109.893
1516.7393	109.841
1517.7035	109.85
1518.6677	109.933
1519.6320	110.069
1520.5962	110.208
1521.5604	110.312
1522.5247	110.374
1523.4889	110.409
1524.4531	110.433
1525.4174	110.457
1526.3816	110.471
1527.3458	110.458
1528.3101	110.398
1529.2743	110.297
1530.2385	110.185
1531.2028	110.097
1532.1670	110.051
1533.1312	110.051
1534.0955	110.089
1535.0597	110.152
1536.0239	110.227
1536.9882	110.305
1537.9524	110.377
1538.9166	110.439
1539.8809	110.489
1540.8451	110.527
1541.8093	110.562
1542.7736	110.601
1543.7378	110.645
1544.7020	110.682
1545.6663	110.682
1546.6305	110.619
1547.5947	110.502
1548.5590	110.371
1549.5232	110.265
1550.4874	110.214
1551.4517	110.242
1552.4159	110.359
1553.3801	110.545
1554.3444	110.753
1555.3086	110.94
1556.2728	111.081
1557.2371	111.175
1558.2013	111.237
1559.1655	111.286
1560.1298	111.336
1561.0940	111.391
1562.0582	111.447
1563.0225	111.49
1563.9867	111.508
1564.9509	111.498
1565.9152	111.473
1566.8794	111.452
1567.8436	111.453
1568.8079	111.495
1569.7721	111.601
1570.7363	111.775
1571.7006	111.992
1572.6648	112.203
1573.6290	112.379
1574.5933	112.511
1575.5575	112.605
1576.5217	112.669
1577.4860	112.715
1578.4502	112.754
1579.4144	112.797
1580.3787	112.851
1581.3429	112.914
1582.3071	112.975
1583.2714	113.02
1584.2356	113.045
1585.1998	113.054
1586.1641	113.06
1587.1283	113.08
1588.0925	113.126
1589.0568	113.195
1590.0210	113.267
1590.9852	113.324
1591.9495	113.358
1592.9137	113.37
1593.8779	113.367
1594.8422	113.357
1595.8064	113.34
1596.7706	113.319
1597.7349	113.293
1598.6991	113.269
1599.6633	113.251
1600.6276	113.243
1601.5918	113.241
1602.5560	113.233
1603.5203	113.207
1604.4845	113.157
1605.4487	113.094
1606.4130	113.035
1607.3772	112.992
1608.3414	112.967
1609.3057	112.949
1610.2699	112.925
1611.2341	112.885
1612.1984	112.829
1613.1626	112.764
1614.1268	112.698
1615.0911	112.638
1616.0553	112.586
1617.0195	112.546
1617.9838	112.521
1618.9480	112.517
1619.9122	112.531
1620.8765	112.551
1621.8407	112.553
1622.8049	112.508
1623.7692	112.405
1624.7334	112.258
1625.6976	112.103
1626.6619	111.978
1627.6261	111.905
1628.5903	111.889
1629.5546	111.915
1630.5188	111.956
1631.4830	111.984
1632.4473	111.979
1633.4115	111.933
1634.3757	111.855
1635.3400	111.771
1636.3042	111.711
1637.2684	111.687
1638.2327	111.69
1639.1969	111.693
1640.1611	111.656
1641.1254	111.548
1642.0896	111.375
1643.0538	111.185
1644.0181	111.02
1644.9823	110.908
1645.9465	110.861
1646.9108	110.885
1647.8750	110.967
1648.8392	111.073
1649.8035	111.164
1650.7677	111.221
1651.7319	111.247
1652.6962	111.255
1653.6604	111.254
1654.6246	111.248
1655.5889	111.236
1656.5531	111.222
1657.5173	111.217
1658.4816	111.229
1659.4458	111.256
1660.4100	111.282
1661.3743	111.289
1662.3385	111.273
1663.3027	111.249
1664.2670	111.255
1665.2312	111.329
1666.1954	111.467
1667.1597	111.628
1668.1239	111.766
1669.0881	111.853
1670.0524	111.873
1671.0166	111.819
1671.9808	111.704
1672.9451	111.563
1673.9093	111.435
1674.8735	111.339
1675.8378	111.269
1676.8020	111.212
1677.7662	111.161
1678.7305	111.119
1679.6947	111.096
1680.6589	111.1
1681.6232	111.127
1682.5874	111.162
1683.5516	111.182
1684.5159	111.173
1685.4801	111.131
1686.4443	111.066
1687.4086	110.985
1688.3728	110.895
1689.3370	110.797
1690.3013	110.689
1691.2655	110.571
1692.2297	110.447
1693.1940	110.329
1694.1582	110.234
1695.1224	110.184
1696.0867	110.191
1697.0509	110.241
1698.0151	110.308
1698.9794	110.367
1699.9436	110.407
1700.9078	110.421
1701.8721	110.401
1702.8363	110.34
1703.8005	110.229
1704.7648	110.073
1705.7290	109.889
1706.6932	109.711
1707.6575	109.567
1708.6217	109.471
1709.5859	109.423
1710.5502	109.414
1711.5144	109.435
1712.4786	109.471
1713.4429	109.511
1714.4071	109.546
1715.3713	109.572
1716.3356	109.591
1717.2998	109.608
1718.2640	109.622
1719.2283	109.623
1720.1925	109.596
1721.1567	109.527
1722.1210	109.414
1723.0852	109.275
1724.0494	109.134
1725.0137	109.009
1725.9779	108.911
1726.9421	108.845
1727.9064	108.814
1728.8706	108.816
1729.8348	108.841
1730.7991	108.873
1731.7633	108.897
1732.7275	108.908
1733.6918	108.902
1734.6560	108.882
1735.6202	108.846
1736.5845	108.794
1737.5487	108.727
1738.5129	108.654
1739.4772	108.583
1740.4414	108.524
1741.4056	108.481
1742.3699	108.457
1743.3341	108.457
1744.2983	108.486
1745.2626	108.551
1746.2268	108.646
1747.1910	108.753
1748.1553	108.851
1749.1195	108.929
1750.0837	108.99
1751.0480	109.046
1752.0122	109.115
1752.9764	109.205
1753.9407	109.314
1754.9049	109.433
1755.8691	109.547
1756.8334	109.645
1757.7976	109.721
1758.7618	109.774
1759.7261	109.811
1760.6903	109.845
1761.6545	109.889
1762.6188	109.95
1763.5830	110.025
1764.5472	110.106
1765.5115	110.183
1766.4757	110.25
1767.4399	110.304
1768.4042	110.349
1769.3684	110.388
1770.3326	110.427
1771.2969	110.469
1772.2611	110.518
1773.2253	110.575
1774.1896	110.64
1775.1538	110.709
1776.1180	110.775
1777.0823	110.827
1778.0465	110.856
1779.0107	110.857
1779.9750	110.831
1780.9392	110.794
1781.9034	110.768
1782.8677	110.773
1783.8319	110.816
1784.7961	110.891
1785.7604	110.976
1786.7246	111.047
1787.6888	111.088
1788.6531	111.098
1789.6173	111.087
1790.5815	111.07
1791.5458	111.063
1792.5100	111.072
1793.4742	111.095
1794.4385	111.127
1795.4027	111.16
1796.3669	111.186
1797.3312	111.199
1798.2954	111.199
1799.2596	111.185
1800.2239	111.163
1801.1881	111.145
1802.1523	111.142
1803.1166	111.162
1804.0808	111.208
1805.0450	111.27
1806.0093	111.334
1806.9735	111.389
1807.9377	111.43
1808.9020	111.459
1809.8662	111.48
1810.8304	111.5
1811.7947	111.521
1812.7589	111.544
1813.7231	111.566
1814.6874	111.58
1815.6516	111.579
1816.6158	111.56
1817.5801	111.521
1818.5443	111.47
1819.5085	111.421
1820.4728	111.385
1821.4370	111.369
1822.4012	111.372
1823.3655	111.385
1824.3297	111.399
1825.2939	111.407
1826.2582	111.411
1827.2224	111.414
1828.1866	111.422
1829.1509	111.431
1830.1151	111.431
1831.0793	111.413
1832.0436	111.371
1833.0078	111.308
1833.9720	111.241
1834.9363	111.184
1835.9005	111.147
1836.8647	111.131
1837.8290	111.132
1838.7932	111.145
1839.7574	111.166
1840.7217	111.197
1841.6859	111.236
1842.6501	111.281
1843.6144	111.323
1844.5786	111.355
1845.5428	111.375
1846.5071	111.383
1847.4713	111.384
1848.4355	111.384
1849.3998	111.384
1850.3640	111.383
1851.3282	111.38
1852.2925	111.373
1853.2567	111.363
1854.2209	111.352
1855.1852	111.345
1856.1494	111.34
1857.1136	111.339
1858.0779	111.34
1859.0421	111.343
1860.0063	111.348
1860.9706	111.356
1861.9348	111.366
1862.8990	111.376
1863.8633	111.383
1864.8275	111.386
1865.7917	111.385
1866.7560	111.38
1867.7202	111.375
1868.6844	111.369
1869.6487	111.363
1870.6129	111.358
1871.5771	111.355
1872.5414	111.354
1873.5056	111.352
1874.4698	111.346
1875.4341	111.333
1876.3983	111.311
1877.3625	111.284
1878.3268	111.263
1879.2910	111.257
1880.2552	111.272
1881.2195	111.304
1882.1837	111.342
1883.1479	111.372
1884.1122	111.387
1885.0764	111.387
1886.0406	111.376
1887.0049	111.36
1887.9691	111.346
1888.9333	111.335
1889.8976	111.328
1890.8618	111.323
1891.8260	111.319
1892.7903	111.316
1893.7545	111.313
1894.7188	111.308
1895.6830	111.298
1896.6472	111.281
1897.6115	111.257
1898.5757	111.233
1899.5399	111.215
1900.5042	111.208
1901.4684	111.214
1902.4326	111.227
1903.3969	111.24
1904.3611	111.245
1905.3253	111.239
1906.2896	111.225
1907.2538	111.207
1908.2180	111.188
1909.1823	111.17
1910.1465	111.15
1911.1107	111.127
1912.0750	111.102
1913.0392	111.077
1914.0034	111.057
1914.9677	111.042
1915.9319	111.031
1916.8961	111.021
1917.8604	111.011
1918.8246	111.001
1919.7888	110.994
1920.7531	110.993
1921.7173	110.997
1922.6815	111.005
1923.6458	111.014
1924.6100	111.02
1925.5742	111.023
1926.5385	111.024
1927.5027	111.023
1928.4669	111.023
1929.4312	111.022
1930.3954	111.019
1931.3596	111.014
1932.3239	111.008
1933.2881	111.004
1934.2523	111.005
1935.2166	111.013
1936.1808	111.026
1937.1450	111.04
1938.1093	111.052
1939.0735	111.06
1940.0377	111.065
1941.0020	111.066
1941.9662	111.066
1942.9304	111.065
1943.8947	111.063
1944.8589	111.06
1945.8231	111.057
1946.7874	111.053
1947.7516	111.048
1948.7158	111.041
1949.6801	111.033
1950.6443	111.023
1951.6085	111.016
1952.5728	111.011
1953.5370	111.012
1954.5012	111.018
1955.4655	111.028
1956.4297	111.038
1957.3939	111.047
1958.3582	111.054
1959.3224	111.06
1960.2866	111.063
1961.2509	111.065
1962.2151	111.064
1963.1793	111.06
1964.1436	111.055
1965.1078	111.051
1966.0720	111.048
1967.0363	111.048
1968.0005	111.05
1968.9647	111.055
1969.9290	111.06
1970.8932	111.065
1971.8574	111.07
1972.8217	111.073
1973.7859	111.075
1974.7501	111.075
1975.7144	111.073
1976.6786	111.071
1977.6428	111.068
1978.6071	111.064
1979.5713	111.059
1980.5355	111.052
1981.4998	111.046
1982.4640	111.041
1983.4282	111.036
1984.3925	111.033
1985.3567	111.031
1986.3209	111.028
1987.2852	111.026
1988.2494	111.023
1989.2136	111.02
1990.1779	111.018
1991.1421	111.017
1992.1063	111.016
1993.0706	111.015
1994.0348	111.013
1994.9990	111.01
1995.9633	111.007
1996.9275	111.003
1997.8917	111.001
1998.8560	111.002
1999.8202	111.006
2000.7844	111.014
2001.7487	111.026
2002.7129	111.04
2003.6771	111.055
2004.6414	111.066
2005.6056	111.073
2006.5698	111.073
2007.5341	111.069
2008.4983	111.063
2009.4625	111.058
2010.4268	111.055
2011.3910	111.054
2012.3552	111.055
2013.3195	111.056
2014.2837	111.056
2015.2479	111.054
2016.2122	111.051
2017.1764	111.049
2018.1406	111.047
2019.1049	111.047
2020.0691	111.047
2021.0333	111.047
2021.9976	111.046
2022.9618	111.043
2023.9260	111.039
2024.8903	111.034
2025.8545	111.029
2026.8187	111.027
2027.7830	111.027
2028.7472	111.03
2029.7114	111.036
2030.6757	111.043
2031.6399	111.051
2032.6041	111.057
2033.5684	111.063
2034.5326	111.066
2035.4968	111.067
2036.4611	111.066
2037.4253	111.065
2038.3895	111.064
2039.3538	111.064
2040.3180	111.065
2041.2822	111.067
2042.2465	111.07
2043.2107	111.072
2044.1749	111.075
2045.1392	111.077
2046.1034	111.079
2047.0676	111.081
2048.0320	111.083
2048.9961	111.084
2049.9604	111.084
2050.9246	111.085
2051.8889	111.087
2052.8530	111.09
2053.8174	111.094
2054.7815	111.099
2055.7458	111.104
2056.7100	111.109
2057.6743	111.114
2058.6384	111.119
2059.6028	111.123
2060.5669	111.128
2061.5313	111.132
2062.4954	111.136
2063.4597	111.14
2064.4238	111.144
2065.3882	111.149
2066.3523	111.153
2067.3167	111.156
2068.2808	111.16
2069.2451	111.164
2070.2092	111.168
2071.1736	111.172
2072.1377	111.176
2073.1021	111.18
2074.0662	111.182
2075.0305	111.185
2075.9946	111.187
2076.9590	111.188
2077.9231	111.19
2078.8875	111.191
2079.8516	111.193
2080.8159	111.196
2081.7800	111.2
2082.7444	111.206
2083.7085	111.215
2084.6729	111.224
2085.6370	111.234
2086.6013	111.243
2087.5654	111.251
2088.5298	111.257
2089.4939	111.262
2090.4583	111.267
2091.4224	111.272
2092.3867	111.279
2093.3508	111.287
2094.3152	111.297
2095.2793	111.307
2096.2437	111.316
2097.2078	111.325
2098.1721	111.333
2099.1362	111.34
2100.1006	111.346
2101.0647	111.353
2102.0291	111.36
2102.9932	111.366
2103.9575	111.372
2104.9216	111.377
2105.8860	111.381
2106.8501	111.383
2107.8145	111.384
2108.7786	111.385
2109.7429	111.386
2110.7070	111.388
2111.6714	111.392
2112.6355	111.398
2113.5999	111.405
2114.5640	111.414
2115.5283	111.423
2116.4924	111.431
2117.4568	111.439
2118.4209	111.447
2119.3853	111.454
2120.3494	111.46
2121.3137	111.466
2122.2778	111.472
2123.2422	111.477
2124.2063	111.483
2125.1707	111.489
2126.1348	111.495
2127.0991	111.503
2128.0632	111.51
2129.0276	111.517
2129.9917	111.524
2130.9561	111.531
2131.9202	111.538
2132.8845	111.544
2133.8486	111.551
2134.8130	111.556
2135.7771	111.561
2136.7415	111.564
2137.7056	111.564
2138.6699	111.563
2139.6340	111.561
2140.5984	111.559
2141.5625	111.558
2142.5269	111.558
2143.4910	111.56
2144.4553	111.565
2145.4194	111.571
2146.3838	111.579
2147.3479	111.588
2148.3123	111.597
2149.2764	111.605
2150.2407	111.613
2151.2048	111.62
2152.1692	111.627
2153.1333	111.634
2154.0977	111.641
2155.0618	111.647
2156.0261	111.653
2156.9902	111.658
2157.9546	111.663
2158.9187	111.669
2159.8831	111.676
2160.8472	111.684
2161.8115	111.695
2162.7756	111.708
2163.7400	111.721
2164.7041	111.734
2165.6685	111.746
2166.6326	111.755
2167.5969	111.762
2168.5610	111.767
2169.5254	111.772
2170.4895	111.776
2171.4539	111.781
2172.4180	111.787
2173.3823	111.794
2174.3464	111.803
2175.3108	111.812
2176.2749	111.82
2177.2393	111.828
2178.2034	111.835
2179.1677	111.841
2180.1318	111.848
2181.0962	111.855
2182.0603	111.863
2183.0247	111.871
2183.9888	111.88
2184.9531	111.888
2185.9172	111.894
2186.8816	111.899
2187.8457	111.903
2188.8101	111.907
2189.7742	111.912
2190.7385	111.918
2191.7026	111.925
2192.6670	111.932
2193.6311	111.939
2194.5955	111.946
2195.5596	111.952
2196.5239	111.956
2197.4880	111.959
2198.4524	111.961
2199.4165	111.961
2200.3809	111.962
2201.3450	111.964
2202.3093	111.967
2203.2734	111.972
2204.2378	111.978
2205.2019	111.984
2206.1663	111.99
2207.1304	111.994
2208.0947	111.997
2209.0588	112
2210.0232	112.002
2210.9873	112.005
2211.9517	112.009
2212.9158	112.015
2213.8801	112.022
2214.8442	112.03
2215.8086	112.039
2216.7727	112.047
2217.7371	112.054
2218.7012	112.06
2219.6655	112.064
2220.6296	112.068
2221.5940	112.071
2222.5581	112.075
2223.5225	112.08
2224.4866	112.085
2225.4509	112.09
2226.4150	112.096
2227.3794	112.102
2228.3435	112.108
2229.3079	112.114
2230.2720	112.119
2231.2363	112.124
2232.2004	112.129
2233.1648	112.133
2234.1289	112.136
2235.0933	112.138
2236.0574	112.139
2237.0217	112.138
2237.9858	112.135
2238.9502	112.132
2239.9143	112.127
2240.8787	112.121
2241.8428	112.116
2242.8071	112.121
2243.7712	112.126
2244.7356	112.132
2245.6997	112.137
2246.6641	112.143
2247.6282	112.148
2248.5925	112.154
2249.5566	112.159
2250.5210	112.165
2251.4851	112.17
2252.4495	112.176
2253.4136	112.181
2254.3779	112.187
2255.3420	112.192
2256.3064	112.198
2257.2705	112.203
2258.2349	112.209
2259.1990	112.214
2260.1633	112.219
2261.1274	112.225
2262.0918	112.23
2263.0559	112.236
2264.0203	112.241
2264.9844	112.247
2265.9487	112.252
2266.9128	112.258
2267.8772	112.263
2268.8413	112.269
2269.8057	112.274
2270.7698	112.28
2271.7341	112.285
2272.6982	112.291
2273.6626	112.296
2274.6267	112.302
2275.5911	112.307
2276.5552	112.312
2277.5195	112.318
2278.4836	112.323
2279.4480	112.329
2280.4121	112.334
2281.3765	112.34
2282.3406	112.345
2283.3049	112.351
2284.2690	112.356
2285.2334	112.362
2286.1975	112.367
2287.1619	112.373
2288.1260	112.378
2289.0903	112.384
2290.0544	112.389
2291.0188	112.395
2291.9829	112.4
2292.9473	112.405
2293.9114	112.411
2294.8757	112.416
2295.8398	112.422
2296.8042	112.427
2297.7683	112.433
2298.7327	112.438
2299.6968	112.444
2300.6611	112.449
2301.6252	112.455
2302.5896	112.46
2303.5537	112.466
2304.5181	112.471
2305.4822	112.477
2306.4465	112.482
2307.4106	112.488
2308.3750	112.493
2309.3391	112.498
2310.3035	112.504
2311.2676	112.509
2312.2319	112.515
2313.1960	112.52
2314.1604	112.526
2315.1245	112.531
2316.0889	112.537
2317.0530	112.542
2318.0173	112.548
2318.9814	112.553
2319.9458	112.559
2320.9099	112.564
2321.8743	112.57
2322.8384	112.575
2323.8027	112.58
2324.7668	112.586
2325.7312	112.591
2326.6953	112.597
2327.6597	112.602
2328.6238	112.608
2329.5881	112.613
2330.5522	112.619
2331.5166	112.624
2332.4807	112.63
2333.4451	112.635
2334.4092	112.641
2335.3735	112.646
2336.3376	112.652
2337.3020	112.657
2338.2661	112.663
2339.2305	112.668
2340.1946	112.673
2341.1589	112.679
2342.1230	112.684
2343.0874	112.69
2344.0515	112.695
2345.0159	112.701
2345.9800	112.706
2346.9443	112.712
2347.9084	112.717
2348.8728	112.723
2349.8369	112.728
2350.8013	112.734
2351.7654	112.739
2352.7297	112.745
2353.6938	112.75
2354.6582	112.756
2355.6223	112.761
2356.5867	112.766
2357.5508	112.772
2358.5151	112.777
2359.4792	112.783
2360.4436	112.788
2361.4077	112.794
2362.3721	112.799
2363.3362	112.805
2364.3005	112.81
2365.2646	112.816
2366.2290	112.821
2367.1931	112.827
2368.1575	112.832
2369.1216	112.838
2370.0859	112.843
2371.0500	112.849
2372.0144	112.854
2372.9785	112.859
2373.9429	112.865
2374.9070	112.87
2375.8713	112.876
2376.8354	112.881
2377.7998	112.887
2378.7639	112.892
2379.7283	112.898
2380.6924	112.903
2381.6567	112.909
2382.6208	112.914
2383.5852	112.92
2384.5493	112.925
2385.5137	112.931
2386.4778	112.936
2387.4421	112.942
2388.4063	112.947
2389.3706	112.952
2390.3347	112.958
2391.2991	112.963
2392.2632	112.969
2393.2275	112.974
2394.1917	112.98
2395.1560	112.985
2396.1201	112.991
2397.0845	112.996
2398.0486	113.002
2399.0129	113.007
2399.9771	113.013
2400.9414	113.018
2401.9055	113.024
2402.8699	113.029
2403.8340	113.035
2404.7983	113.04
2405.7625	113.045
2406.7268	113.051
2407.6909	113.056
2408.6553	113.062
2409.6194	113.067
2410.5837	113.073
2411.5479	113.078
2412.5122	113.084
2413.4763	113.089
2414.4407	113.095
2415.4048	113.1
2416.3691	113.106
2417.3333	113.111
2418.2976	113.117
2419.2617	113.122
2420.2261	113.128
2421.1902	113.133
2422.1545	113.138
2423.1187	113.144
2424.0830	113.149
2425.0471	113.155
2426.0115	113.16
2426.9756	113.166
2427.9399	113.171
2428.9041	113.177
2429.8684	113.186
2430.8325	113.192
2431.7969	113.197
2432.7610	113.201
2433.7253	113.204
2434.6895	113.209
2435.6538	113.214
2436.6179	113.221
2437.5823	113.229
2438.5464	113.238
2439.5107	113.245
2440.4749	113.25
2441.4392	113.253
2442.4033	113.256
2443.3677	113.263
2444.3318	113.275
2445.2961	113.292
2446.2603	113.311
2447.2246	113.326
2448.1887	113.334
2449.1531	113.333
2450.1172	113.327
2451.0815	113.319
2452.0457	113.314
2453.0100	113.314
2453.9741	113.318
2454.9385	113.328
2455.9026	113.34
2456.8669	113.355
2457.8311	113.371
2458.7954	113.388
2459.7595	113.401
2460.7239	113.41
2461.6880	113.414
2462.6523	113.415
2463.6165	113.415
2464.5808	113.416
2465.5449	113.419
2466.5093	113.425
2467.4734	113.432
2468.4377	113.44
2469.4019	113.447
2470.3662	113.453
2471.3303	113.459
2472.2947	113.466
2473.2588	113.472
2474.2231	113.478
2475.1873	113.484
2476.1516	113.488
2477.1157	113.491
2478.0801	113.492
2479.0442	113.491
2480.0085	113.489
2480.9727	113.485
2481.9370	113.481
2482.9011	113.476
2483.8655	113.474
2484.8296	113.474
2485.7939	113.478
2486.7581	113.484
2487.7224	113.491
2488.6865	113.499
2489.6509	113.506
2490.6150	113.514
2491.5793	113.52
2492.5435	113.526
2493.5078	113.531
2494.4719	113.537
2495.4363	113.549
2496.4004	113.569
2497.3647	113.6
2498.3289	113.638
2499.2932	113.679
2500.2573	113.715
2501.2217	113.74
2502.1858	113.755
2503.1501	113.76
2504.1143	113.759
2505.0786	113.757
2506.0427	113.755
2507.0071	113.754
2507.9712	113.753
2508.9355	113.754
2509.8997	113.754
2510.8640	113.756
2511.8281	113.757
2512.7925	113.758
2513.7566	113.759
2514.7209	113.76
2515.6851	113.761
2516.6494	113.764
2517.6135	113.768
2518.5779	113.77
2519.5420	113.765
2520.5063	113.749
2521.4705	113.721
2522.4348	113.685
2523.3989	113.646
2524.3633	113.613
2525.3274	113.592
2526.2917	113.584
2527.2559	113.589
2528.2202	113.601
2529.1843	113.616
2530.1487	113.629
2531.1128	113.64
2532.0771	113.646
2533.0413	113.649
2534.0056	113.648
2534.9697	113.646
2535.9341	113.643
2536.8982	113.641
2537.8625	113.64
2538.8267	113.64
2539.7910	113.642
2540.7551	113.646
2541.7195	113.65
2542.6836	113.655
2543.6479	113.661
2544.6121	113.667
2545.5764	113.672
2546.5405	113.677
2547.5049	113.68
2548.4690	113.682
2549.4333	113.681
2550.3975	113.679
2551.3618	113.674
2552.3259	113.667
2553.2903	113.661
2554.2544	113.657
2555.2188	113.654
2556.1829	113.655
2557.1472	113.657
2558.1113	113.661
2559.0757	113.664
2560.0398	113.665
2561.0042	113.665
2561.9683	113.663
2562.9326	113.659
2563.8967	113.653
2564.8611	113.642
2565.8252	113.627
2566.7896	113.605
2567.7537	113.579
2568.7180	113.551
2569.6821	113.526
2570.6465	113.506
2571.6106	113.492
2572.5750	113.486
2573.5391	113.484
2574.5034	113.484
2575.4675	113.483
2576.4319	113.481
2577.3960	113.478
2578.3604	113.475
2579.3245	113.473
2580.2888	113.473
2581.2529	113.474
2582.2173	113.477
2583.1814	113.479
2584.1458	113.478
2585.1099	113.476
2586.0742	113.471
2587.0383	113.465
2588.0027	113.462
2588.9668	113.463
2589.9312	113.472
2590.8953	113.489
2591.8596	113.511
2592.8237	113.537
2593.7881	113.56
2594.7522	113.578
2595.7166	113.59
2596.6807	113.598
2597.6450	113.602
2598.6091	113.608
2599.5735	113.615
2600.5376	113.624
2601.5020	113.634
2602.4661	113.643
2603.4304	113.65
2604.3945	113.653
2605.3589	113.653
2606.3230	113.651
2607.2874	113.649
2608.2515	113.647
2609.2158	113.649
2610.1799	113.653
2611.1443	113.658
2612.1084	113.664
2613.0728	113.667
2614.0369	113.669
2615.0012	113.669
2615.9653	113.668
2616.9297	113.667
2617.8938	113.668
2618.8582	113.67
2619.8223	113.672
2620.7866	113.675
2621.7507	113.677
2622.7151	113.678
2623.6792	113.677
2624.6436	113.673
2625.6077	113.667
2626.5720	113.659
2627.5361	113.651
2628.5005	113.645
2629.4646	113.641
2630.4290	113.64
2631.3931	113.64
2632.3574	113.641
2633.3215	113.642
2634.2859	113.642
2635.2500	113.641
2636.2144	113.641
2637.1785	113.641
2638.1428	113.642
2639.1069	113.644
2640.0713	113.646
2641.0354	113.649
2641.9998	113.652
2642.9639	113.656
2643.9282	113.661
2644.8923	113.663
2645.8567	113.664
2646.8208	113.661
2647.7852	113.657
2648.7493	113.654
2649.7136	113.651
2650.6777	113.651
2651.6421	113.653
2652.6062	113.654
2653.5706	113.653
2654.5347	113.652
2655.4990	113.65
2656.4631	113.648
2657.4275	113.647
2658.3916	113.646
2659.3560	113.644
2660.3201	113.641
2661.2844	113.635
2662.2485	113.628
2663.2129	113.621
2664.1770	113.612
2665.1414	113.602
2666.1055	113.591
2667.0698	113.577
2668.0339	113.563
2668.9983	113.55
2669.9624	113.538
2670.9268	113.529
2671.8909	113.523
2672.8552	113.518
2673.8193	113.512
2674.7837	113.506
2675.7478	113.498
2676.7122	113.49
2677.6763	113.483
2678.6406	113.478
2679.6047	113.476
2680.5691	113.474
2681.5332	113.473
2682.4976	113.471
2683.4617	113.469
2684.4260	113.465
2685.3901	113.461
2686.3545	113.456
2687.3186	113.452
2688.2830	113.448
2689.2471	113.445
2690.2114	113.443
2691.1755	113.441
2692.1399	113.439
2693.1040	113.437
2694.0684	113.433
2695.0325	113.429
2695.9968	113.423
2696.9609	113.417
2697.9253	113.41
2698.8894	113.403
2699.8538	113.395
2700.8179	113.386
2701.7822	113.377
2702.7463	113.368
2703.7107	113.36
2704.6748	113.351
2705.6392	113.343
2706.6033	113.336
2707.5676	113.329
2708.5317	113.322
2709.4961	113.315
2710.4602	113.306
2711.4246	113.297
2712.3887	113.287
2713.3530	113.279
2714.3171	113.272
2715.2815	113.269
2716.2456	113.268
2717.2100	113.268
2718.1741	113.269
2719.1384	113.269
2720.1025	113.267
2721.0669	113.264
2722.0310	113.26
2722.9954	113.257
2723.9595	113.256
2724.9238	113.255
2725.8879	113.254
2726.8523	113.252
2727.8164	113.249
2728.7808	113.246
2729.7449	113.242
2730.7092	113.239
2731.6733	113.236
2732.6377	113.235
2733.6018	113.234
2734.5662	113.233
2735.5303	113.233
2736.4946	113.232
2737.4587	113.229
2738.4231	113.224
2739.3872	113.216
2740.3516	113.206
2741.3157	113.195
2742.2800	113.186
2743.2441	113.181
2744.2085	113.179
2745.1726	113.181
2746.1370	113.184
2747.1011	113.187
2748.0654	113.187
2749.0295	113.186
2749.9939	113.182
2750.9580	113.177
2751.9224	113.171
2752.8865	113.164
2753.8508	113.157
2754.8149	113.149
2755.7793	113.142
2756.7434	113.136
2757.7078	113.132
2758.6719	113.131
2759.6362	113.13
2760.6003	113.131
2761.5647	113.133
2762.5288	113.136
2763.4932	113.139
2764.4573	113.143
2765.4216	113.145
2766.3857	113.146
2767.3501	113.144
2768.3142	113.141
2769.2786	113.136
2770.2427	113.131
2771.2070	113.127
2772.1711	113.125
2773.1355	113.124
2774.0996	113.124
2775.0640	113.125
2776.0281	113.125
2776.9924	113.126
2777.9565	113.125
2778.9209	113.124
2779.8850	113.123
2780.8494	113.122
2781.8135	113.12
2782.7778	113.118
2783.7419	113.116
2784.7063	113.113
2785.6704	113.11
2786.6348	113.106
2787.5989	113.102
2788.5632	113.097
2789.5273	113.092
2790.4917	113.086
2791.4558	113.08
2792.4202	113.075
2793.3843	113.07
2794.3486	113.065
2795.3127	113.06
2796.2771	113.052
2797.2412	113.042
2798.2056	113.029
2799.1697	113.016
2800.1340	113.003
2801.0981	112.993
2802.0625	112.987
2803.0266	112.983
2803.9910	112.98
2804.9551	112.976
2805.9194	112.969
2806.8835	112.959
2807.8479	112.947
2808.8120	112.934
2809.7764	112.92
2810.7405	112.906
2811.7048	112.892
2812.6689	112.88
2813.6333	112.869
2814.5974	112.86
2815.5618	112.852
2816.5259	112.845
2817.4902	112.836
2818.4543	112.825
2819.4187	112.815
2820.3828	112.806
2821.3472	112.799
2822.3113	112.795
2823.2756	112.791
2824.2397	112.786
2825.2041	112.777
2826.1682	112.764
2827.1326	112.747
2828.0967	112.729
2829.0610	112.714
2830.0251	112.702
2830.9895	112.694
2831.9536	112.688
2832.9180	112.684
2833.8821	112.679
2834.8464	112.674
2835.8105	112.668
2836.7749	112.662
2837.7390	112.654
2838.7034	112.644
2839.6675	112.633
2840.6318	112.621
2841.5959	112.609
2842.5603	112.599
2843.5244	112.588
2844.4888	112.578
2845.4529	112.565
2846.4172	112.551
2847.3813	112.535
2848.3457	112.519
2849.3098	112.505
2850.2742	112.495
2851.2383	112.49
2852.2026	112.488
2853.1667	112.488
2854.1311	112.488
2855.0952	112.488
2856.0596	112.486
2857.0237	112.484
2857.9880	112.481
2858.9521	112.478
2859.9165	112.476
2860.8806	112.475
2861.8450	112.475
2862.8091	112.476
2863.7734	112.478
2864.7375	112.48
2865.7019	112.482
2866.6660	112.482
2867.6304	112.483
2868.5945	112.485
2869.5588	112.491
2870.5229	112.5
2871.4873	112.512
2872.4514	112.524
2873.4158	112.535
2874.3799	112.54
2875.3442	112.541
2876.3083	112.539
2877.2727	112.536
2878.2368	112.534
2879.2012	112.533
2880.1653	112.533
2881.1296	112.532
2882.0938	112.53
2883.0581	112.525
2884.0222	112.518
2884.9866	112.51
2885.9507	112.502
2886.9150	112.494
2887.8792	112.488
2888.8435	112.483
2889.8076	112.477
2890.7720	112.469
2891.7361	112.46
2892.7004	112.448
2893.6646	112.434
2894.6289	112.421
2895.5930	112.407
2896.5574	112.396
2897.5215	112.385
2898.4858	112.375
2899.4500	112.364
2900.4143	112.352
2901.3784	112.336
2902.3428	112.317
2903.3069	112.295
2904.2712	112.272
2905.2354	112.25
2906.1997	112.231
2907.1638	112.215
2908.1282	112.203
2909.0923	112.193
2910.0566	112.182
2911.0208	112.169
2911.9851	112.154
2912.9492	112.137
2913.9136	112.12
2914.8777	112.107
2915.8420	112.097
2916.8062	112.09
2917.7705	112.085
2918.7346	112.08
2919.6990	112.073
2920.6631	112.066
2921.6274	112.058
2922.5916	112.05
2923.5559	112.042
2924.5200	112.035
2925.4844	112.027
2926.4485	112.019
2927.4128	112.01
2928.3770	112.002
2929.3413	111.994
2930.3054	111.988
2931.2698	111.982
2932.2339	111.978
2933.1982	111.975
2934.1624	111.972
2935.1267	111.969
2936.0908	111.964
2937.0552	111.958
2938.0193	111.951
2938.9836	111.943
2939.9478	111.935
2940.9121	111.927
2941.8762	111.919
2942.8406	111.915
2943.8047	111.913
2944.7690	111.914
2945.7332	111.918
2946.6975	111.921
2947.6616	111.921
2948.6260	111.918
2949.5901	111.911
2950.5544	111.901
2951.5186	111.89
2952.4829	111.879
2953.4470	111.869
2954.4114	111.857
2955.3755	111.843
2956.3398	111.825
2957.3040	111.802
2958.2683	111.777
2959.2324	111.754
2960.1968	111.733
2961.1609	111.717
2962.1252	111.706
2963.0894	111.698
2964.0537	111.69
2965.0178	111.682
2965.9822	111.673
2966.9463	111.66
2967.9106	111.646
2968.8748	111.629
2969.8391	111.612
2970.8032	111.596
2971.7676	111.583
2972.7317	111.574
2973.6960	111.569
2974.6602	111.566
2975.6245	111.565
2976.5886	111.564
2977.5530	111.564
2978.5171	111.564
2979.4814	111.565
2980.4456	111.567
2981.4099	111.569
2982.3740	111.571
2983.3384	111.572
2984.3025	111.572
2985.2668	111.572
2986.2310	111.573
2987.1953	111.573
2988.1594	111.571
2989.1238	111.567
2990.0879	111.559
2991.0522	111.548
2992.0164	111.536
2992.9807	111.524
2993.9448	111.513
2994.9092	111.503
2995.8733	111.493
2996.8376	111.48
2997.8018	111.465
2998.7661	111.446
2999.7302	111.426
3000.6946	111.407
3001.6587	111.388
3002.6230	111.37
3003.5872	111.354
3004.5515	111.338
3005.5156	111.325
3006.4800	111.314
3007.4441	111.306
3008.4084	111.3
3009.3726	111.295
3010.3369	111.288
3011.3010	111.279
3012.2654	111.269
3013.2295	111.261
3014.1938	111.256
3015.1580	111.255
3016.1223	111.256
3017.0864	111.257
3018.0508	111.254
3019.0149	111.247
3019.9792	111.238
3020.9434	111.232
3021.9077	111.232
3022.8718	111.239
3023.8362	111.251
3024.8003	111.266
3025.7646	111.28
3026.7288	111.291
3027.6931	111.298
3028.6572	111.302
3029.6216	111.303
3030.5857	111.301
3031.5500	111.297
3032.5142	111.29
3033.4785	111.282
3034.4426	111.274
3035.4070	111.267
3036.3711	111.262
3037.3354	111.257
3038.2996	111.252
3039.2639	111.245
3040.2280	111.237
3041.1924	111.228
3042.1565	111.22
3043.1208	111.213
3044.0850	111.208
3045.0493	111.203
3046.0134	111.196
3046.9778	111.188
3047.9419	111.177
3048.9063	111.165
3049.8704	111.153
3050.8347	111.142
3051.7988	111.131
3052.7632	111.12
3053.7273	111.109
3054.6917	111.097
3055.6558	111.085
3056.6201	111.073
3057.5842	111.064
3058.5486	111.056
3059.5127	111.051
3060.4771	111.048
3061.4412	111.047
3062.4055	111.047
3063.3696	111.047
3064.3340	111.047
3065.2981	111.046
3066.2625	111.045
3067.2266	111.043
3068.1909	111.04
3069.1550	111.034
3070.1194	111.026
3071.0835	111.016
3072.0479	111.004
3073.0120	110.992
3073.9763	110.982
3074.9404	110.977
3075.9048	110.977
3076.8689	110.982
3077.8333	110.991
3078.7974	111.002
3079.7617	111.014
3080.7258	111.024
3081.6902	111.031
3082.6543	111.033
3083.6187	111.03
3084.5828	111.023
3085.5471	111.012
3086.5112	110.999
3087.4756	110.984
3088.4397	110.97
3089.4041	110.955
3090.3682	110.942
3091.3325	110.929
3092.2966	110.919
3093.2610	110.912
3094.2251	110.909
3095.1895	110.91
3096.1536	110.914
3097.1179	110.92
3098.0820	110.926
3099.0464	110.929
3100.0105	110.928
3100.9749	110.924
3101.9390	110.915
3102.9033	110.902
3103.8674	110.885
3104.8318	110.864
3105.7959	110.841
3106.7603	110.819
3107.7244	110.8
3108.6887	110.785
3109.6528	110.774
3110.6172	110.767
3111.5813	110.76
3112.5457	110.753
3113.5098	110.746
3114.4741	110.74
3115.4382	110.734
3116.4026	110.73
3117.3667	110.727
3118.3311	110.721
3119.2952	110.713
3120.2595	110.701
3121.2236	110.687
3122.1880	110.671
3123.1521	110.655
3124.1165	110.639
3125.0806	110.625
3126.0449	110.613
3127.0090	110.604
3127.9734	110.598
3128.9375	110.596
3129.9019	110.597
3130.8660	110.6
3131.8303	110.603
3132.7944	110.605
3133.7588	110.607
3134.7229	110.608
3135.6873	110.609
3136.6514	110.61
3137.6157	110.609
3138.5798	110.608
3139.5442	110.606
3140.5083	110.603
3141.4727	110.599
3142.4368	110.594
3143.4011	110.588
3144.3652	110.581
3145.3296	110.574
3146.2937	110.57
3147.2581	110.567
3148.2222	110.568
3149.1865	110.571
3150.1506	110.575
3151.1150	110.578
3152.0791	110.578
3153.0435	110.573
3154.0076	110.563
3154.9719	110.55
3155.9360	110.534
3156.9004	110.516
3157.8645	110.496
3158.8289	110.478
3159.7930	110.462
3160.7573	110.451
3161.7214	110.445
3162.6858	110.443
3163.6499	110.442
3164.6143	110.441
3165.5784	110.437
3166.5427	110.433
3167.5068	110.429
3168.4712	110.425
3169.4353	110.419
3170.3997	110.409
3171.3638	110.391
3172.3281	110.368
3173.2922	110.34
3174.2566	110.314
3175.2207	110.293
3176.1851	110.28
3177.1492	110.277
3178.1135	110.28
3179.0776	110.288
3180.0420	110.298
3181.0061	110.307
3181.9705	110.315
3182.9346	110.319
3183.8989	110.318
3184.8630	110.307
3185.8274	110.289
3186.7915	110.263
3187.7559	110.237
3188.7200	110.213
3189.6843	110.196
3190.6484	110.187
3191.6128	110.184
3192.5769	110.184
3193.5413	110.186
3194.5054	110.189
3195.4697	110.194
3196.4338	110.199
3197.3982	110.205
3198.3623	110.208
3199.3267	110.205
3200.2908	110.196
3201.2551	110.179
3202.2192	110.156
3203.1836	110.129
3204.1477	110.102
3205.1121	110.076
3206.0762	110.054
3207.0405	110.037
3208.0046	110.025
3208.9690	110.02
3209.9331	110.02
3210.8975	110.024
3211.8616	110.027
3212.8259	110.026
3213.7900	110.018
3214.7544	110.004
3215.7185	109.984
3216.6829	109.963
3217.6470	109.943
3218.6113	109.923
3219.5754	109.904
3220.5398	109.883
3221.5039	109.86
3222.4683	109.835
3223.4324	109.812
3224.3967	109.793
3225.3608	109.78
3226.3252	109.772
3227.2893	109.768
3228.2537	109.765
3229.2178	109.761
3230.1821	109.753
3231.1462	109.743
3232.1106	109.731
3233.0747	109.717
3234.0391	109.703
3235.0032	109.686
3235.9675	109.668
3236.9316	109.648
3237.8960	109.628
3238.8601	109.607
3239.8245	109.588
3240.7886	109.572
3241.7529	109.558
3242.7170	109.55
3243.6814	109.547
3244.6455	109.55
3245.6099	109.559
3246.5740	109.57
3247.5383	109.582
3248.5024	109.592
3249.4668	109.598
3250.4309	109.601
3251.3953	109.599
3252.3594	109.594
3253.3237	109.585
3254.2878	109.572
3255.2522	109.558
3256.2163	109.544
3257.1807	109.53
3258.1448	109.519
3259.1091	109.512
3260.0732	109.509
3261.0376	109.509
3262.0017	109.509
3262.9661	109.507
3263.9302	109.499
3264.8945	109.485
3265.8586	109.465
3266.8230	109.442
3267.7871	109.417
3268.7515	109.394
3269.7156	109.374
3270.6799	109.358
3271.6440	109.347
3272.6084	109.339
3273.5725	109.333
3274.5369	109.328
3275.5010	109.322
3276.4653	109.314
3277.4294	109.305
3278.3938	109.295
3279.3579	109.286
3280.3223	109.278
3281.2864	109.273
3282.2507	109.269
3283.2148	109.267
3284.1792	109.267
3285.1433	109.268
3286.1077	109.271
3287.0718	109.276
3288.0361	109.282
3289.0002	109.289
3289.9646	109.296
3290.9287	109.304
3291.8931	109.312
3292.8572	109.32
3293.8215	109.327
3294.7856	109.331
3295.7500	109.328
3296.7141	109.318
3297.6785	109.301
3298.6426	109.279
3299.6069	109.257
3300.5710	109.238
3301.5354	109.224
3302.4995	109.216
3303.4639	109.211
3304.4280	109.208
3305.3923	109.203
3306.3564	109.195
3307.3208	109.184
3308.2849	109.17
3309.2493	109.155
3310.2134	109.139
3311.1777	109.126
3312.1418	109.114
3313.1062	109.104
3314.0703	109.093
3315.0347	109.081
3315.9988	109.068
3316.9631	109.055
3317.9272	109.045
3318.8916	109.038
3319.8557	109.036
3320.8201	109.038
3321.7842	109.043
3322.7485	109.049
3323.7126	109.053
3324.6770	109.054
3325.6411	109.052
3326.6055	109.046
3327.5696	109.036
3328.5339	109.025
3329.4980	109.014
3330.4624	109.005
3331.4265	108.998
3332.3909	108.993
3333.3550	108.989
3334.3193	108.984
3335.2834	108.978
3336.2478	108.972
3337.2119	108.968
3338.1763	108.965
3339.1404	108.961
3340.1047	108.954
3341.0688	108.939
3342.0332	108.917
3342.9973	108.89
3343.9617	108.86
3344.9258	108.832
3345.8901	108.809
3346.8542	108.792
3347.8186	108.78
3348.7827	108.771
3349.7471	108.763
3350.7112	108.757
3351.6755	108.752
3352.6396	108.747
3353.6040	108.741
3354.5681	108.732
3355.5325	108.721
3356.4966	108.707
3357.4609	108.69
3358.4250	108.671
3359.3894	108.65
3360.3535	108.629
3361.3179	108.607
3362.2820	108.587
3363.2463	108.569
3364.2104	108.556
3365.1748	108.548
3366.1389	108.546
3367.1033	108.549
3368.0674	108.555
3369.0317	108.564
3369.9958	108.571
3370.9602	108.577
3371.9243	108.579
3372.8887	108.576
3373.8528	108.569
3374.8171	108.558
3375.7813	108.545
3376.7456	108.534
3377.7097	108.524
3378.6741	108.518
3379.6382	108.516
3380.6025	108.517
3381.5667	108.52
3382.5310	108.524
3383.4951	108.527
3384.4595	108.529
3385.4236	108.527
3386.3879	108.523
3387.3521	108.518
3388.3164	108.513
3389.2805	108.508
3390.2449	108.503
3391.2090	108.496
3392.1733	108.486
3393.1375	108.473
3394.1018	108.458
3395.0659	108.444
3396.0303	108.437
3396.9944	108.437
3397.9587	108.446
3398.9229	108.461
3399.8872	108.479
3400.8513	108.494
3401.8157	108.503
3402.7798	108.507
3403.7441	108.504
3404.7083	108.499
3405.6726	108.491
3406.6367	108.485
3407.6011	108.479
3408.5652	108.474
3409.5295	108.471
3410.4937	108.467
3411.4580	108.461
3412.4221	108.453
3413.3865	108.439
3414.3506	108.421
3415.3149	108.399
3416.2791	108.376
3417.2434	108.353
3418.2075	108.331
3419.1719	108.313
3420.1360	108.296
3421.1003	108.282
3422.0645	108.269
3423.0288	108.256
3423.9929	108.245
3424.9573	108.233
3425.9214	108.22
3426.8857	108.203
3427.8499	108.183
3428.8142	108.161
3429.7783	108.138
3430.7427	108.117
3431.7068	108.096
3432.6711	108.074
3433.6353	108.047
3434.5996	108.016
3435.5637	107.982
3436.5281	107.953
3437.4922	107.932
3438.4565	107.925
3439.4207	107.93
3440.3850	107.943
3441.3491	107.96
3442.3135	107.974
3443.2776	107.981
3444.2419	107.978
3445.2061	107.964
3446.1704	107.94
3447.1345	107.909
3448.0989	107.876
3449.0630	107.848
3450.0273	107.826
3450.9915	107.813
3451.9558	107.804
3452.9199	107.795
3453.8843	107.785
3454.8484	107.774
3455.8127	107.766
3456.7769	107.767
3457.7412	107.781
3458.7053	107.804
3459.6697	107.829
3460.6338	107.847
3461.5981	107.848
3462.5623	107.832
3463.5266	107.802
3464.4907	107.767
3465.4551	107.735
3466.4192	107.71
3467.3835	107.694
3468.3477	107.685
3469.3120	107.681
3470.2761	107.678
3471.2405	107.677
3472.2046	107.675
3473.1689	107.672
3474.1331	107.666
3475.0974	107.659
3476.0615	107.653
3477.0259	107.648
3477.9900	107.645
3478.9543	107.642
3479.9185	107.636
3480.8828	107.622
3481.8469	107.599
3482.8113	107.571
3483.7754	107.545
3484.7397	107.529
3485.7039	107.527
3486.6682	107.537
3487.6323	107.552
3488.5967	107.559
3489.5608	107.55
3490.5251	107.524
3491.4893	107.488
3492.4536	107.45
3493.4177	107.42
3494.3821	107.399
3495.3462	107.386
3496.3105	107.376
3497.2747	107.369
3498.2390	107.365
3499.2031	107.367
3500.1675	107.375
3501.1316	107.388
3502.0959	107.402
3503.0601	107.413
3504.0244	107.419
3504.9885	107.422
3505.9529	107.424
3506.9170	107.429
3507.8813	107.435
3508.8455	107.44
3509.8098	107.437
3510.7739	107.427
3511.7383	107.411
3512.7026	107.396
3513.6667	107.387
3514.6311	107.386
3515.5952	107.39
3516.5596	107.394
3517.5237	107.396
3518.4880	107.396
3519.4521	107.395
3520.4165	107.394
3521.3806	107.39
3522.3450	107.375
3523.3091	107.347
3524.2734	107.305
3525.2375	107.257
3526.2019	107.216
3527.1660	107.195
3528.1304	107.197
3529.0945	107.219
3530.0588	107.247
3531.0229	107.265
3531.9873	107.259
3532.9514	107.228
3533.9158	107.18
3534.8799	107.131
3535.8442	107.095
3536.8083	107.075
3537.7727	107.067
3538.7368	107.061
3539.7012	107.049
3540.6653	107.03
3541.6296	107.007
3542.5938	106.988
3543.5581	106.977
3544.5222	106.976
3545.4866	106.982
3546.4507	106.996
3547.4150	107.019
3548.3792	107.053
3549.3435	107.098
3550.3076	107.145
3551.2720	107.178
3552.2361	107.174
3553.2004	107.119
3554.1646	107.013
3555.1289	106.876
3556.0930	106.743
3557.0574	106.648
3558.0215	106.599
3558.9858	106.587
3559.9500	106.591
3560.9143	106.593
3561.8784	106.583
3562.8428	106.567
3563.8069	106.55
3564.7712	106.538
3565.7354	106.53
3566.6997	106.521
3567.6638	106.509
3568.6282	106.5
3569.5923	106.502
3570.5566	106.518
3571.5208	106.539
3572.4851	106.542
3573.4492	106.502
3574.4136	106.409
3575.3777	106.279
3576.3420	106.154
3577.3062	106.079
3578.2705	106.08
3579.2346	106.143
3580.1990	106.228
3581.1631	106.291
3582.1274	106.307
3583.0916	106.279
3584.0559	106.232
3585.0200	106.188
3585.9844	106.16
3586.9485	106.148
3587.9128	106.144
3588.8770	106.142
3589.8413	106.14
3590.8054	106.138
3591.7698	106.13
3592.7339	106.105
3593.6982	106.048
3594.6624	105.957
3595.6267	105.845
3596.5908	105.743
3597.5552	105.681
3598.5193	105.674
3599.4836	105.712
3600.4478	105.766
3601.4121	105.805
3602.3762	105.816
3603.3406	105.803
3604.3047	105.776
3605.2690	105.74
3606.2332	105.691
3607.1975	105.623
3608.1616	105.54
3609.1260	105.461
3610.0901	105.409
3611.0544	105.406
3612.0186	105.452
3612.9829	105.526
3613.9470	105.584
3614.9114	105.579
3615.8755	105.487
3616.8398	105.321
3617.8040	105.134
3618.7683	104.98
3619.7324	104.884
3620.6968	104.84
3621.6609	104.824
3622.6252	104.815
3623.5894	104.804
3624.5537	104.79
3625.5178	104.778
3626.4822	104.772
3627.4463	104.774
3628.4106	104.793
3629.3748	104.844
3630.3391	104.942
3631.3032	105.091
3632.2676	105.271
3633.2317	105.438
3634.1960	105.535
3635.1602	105.515
3636.1245	105.36
3637.0886	105.108
3638.0530	104.849
3639.0171	104.679
3639.9814	104.654
3640.9456	104.76
3641.9099	104.926
3642.8740	105.07
3643.8384	105.144
3644.8025	105.145
3645.7668	105.106
3646.7310	105.066
3647.6953	105.049
3648.6594	105.055
3649.6238	105.077
3650.5879	105.105
3651.5522	105.142
3652.5164	105.191
3653.4807	105.246
3654.4448	105.289
3655.4092	105.291
3656.3733	105.235
3657.3376	105.135
3658.3018	105.04
3659.2661	105.011
3660.2302	105.083
3661.1946	105.225
3662.1587	105.356
3663.1230	105.393
3664.0872	105.315
3665.0515	105.162
3666.0156	105.002
3666.9800	104.892
3667.9441	104.855
3668.9084	104.882
3669.8726	104.942
3670.8369	105.005
3671.8010	105.055
3672.7654	105.087
3673.7295	105.095
3674.6938	105.061
3675.6580	104.96
3676.6223	104.779
3677.5864	104.534
3678.5508	104.271
3679.5149	104.046
3680.4792	103.896
3681.4434	103.825
3682.4077	103.805
3683.3718	103.8
3684.3362	103.791
3685.3003	103.787
3686.2646	103.811
3687.2288	103.876
3688.1931	103.971
3689.1572	104.061
3690.1216	104.119
3691.0857	104.142
3692.0500	104.149
3693.0142	104.161
3693.9785	104.185
3694.9426	104.21
3695.9070	104.211
3696.8711	104.165
3697.8354	104.062
3698.7996	103.924
3699.7639	103.796
3700.7280	103.725
3701.6924	103.73
3702.6565	103.794
3703.6208	103.883
3704.5850	103.966
3705.5493	104.023
3706.5134	104.045
3707.4778	104.03
3708.4419	103.985
3709.4063	103.917
3710.3704	103.841
3711.3347	103.766
3712.2988	103.706
3713.2632	103.669
3714.2273	103.658
3715.1917	103.666
3716.1558	103.679
3717.1201	103.683
3718.0842	103.666
3719.0486	103.623
3720.0127	103.553
3720.9771	103.467
3721.9412	103.376
3722.9055	103.291
3723.8696	103.225
3724.8340	103.184
3725.7981	103.175
3726.7625	103.201
3727.7266	103.258
3728.6909	103.329
3729.6550	103.39
3730.6194	103.407
3731.5835	103.365
3732.5479	103.277
3733.5120	103.185
3734.4763	103.128
3735.4404	103.115
3736.4048	103.118
3737.3689	103.09
3738.3333	102.99
3739.2974	102.814
3740.2617	102.597
3741.2258	102.386
3742.1902	102.213
3743.1543	102.09
3744.1187	102.017
3745.0828	101.989
3746.0471	102.004
3747.0112	102.052
3747.9756	102.117
3748.9397	102.169
3749.9041	102.174
3750.8682	102.115
3751.8325	101.992
3752.7966	101.827
3753.7610	101.663
3754.7251	101.547
3755.6895	101.504
3756.6536	101.518
3757.6179	101.542
3758.5820	101.535
3759.5464	101.495
3760.5105	101.46
3761.4749	101.476
3762.4390	101.572
3763.4033	101.726
3764.3674	101.88
3765.3318	101.975
3766.2959	101.988
3767.2603	101.936
3768.2244	101.864
3769.1887	101.814
3770.1528	101.81
3771.1172	101.851
3772.0813	101.91
3773.0457	101.962
3774.0098	101.986
3774.9741	101.981
3775.9382	101.953
3776.9026	101.915
3777.8667	101.877
3778.8311	101.847
3779.7952	101.83
3780.7595	101.827
3781.7236	101.839
3782.6880	101.865
3783.6521	101.899
3784.6165	101.932
3785.5806	101.952
3786.5449	101.944
3787.5090	101.899
3788.4734	101.822
3789.4375	101.731
3790.4019	101.655
3791.3660	101.605
3792.3303	101.573
3793.2944	101.527
3794.2588	101.442
3795.2229	101.31
3796.1873	101.157
3797.1514	101.024
3798.1157	100.946
3799.0798	100.936
3800.0442	100.979
3801.0083	101.045
3801.9727	101.099
3802.9368	101.12
3803.9011	101.109
3804.8652	101.076
3805.8296	101.028
3806.7937	100.956
3807.7581	100.842
3808.7222	100.678
3809.6865	100.48
3810.6506	100.282
3811.6150	100.125
3812.5791	100.028
3813.5435	99.9847
3814.5076	99.9721
3815.4719	99.9685
3816.4360	99.971
3817.4004	99.9953
3818.3645	100.059
3819.3289	100.165
3820.2930	100.287
3821.2573	100.387
3822.2214	100.429
3823.1858	100.393
3824.1499	100.281
3825.1143	100.112
3826.0784	99.9142
3827.0427	99.7144
3828.0068	99.5298
3828.9712	99.3667
3829.9353	99.2303
3830.8997	99.1323
3831.8638	99.089
3832.8281	99.1111
3833.7922	99.1963
3834.7566	99.3319
3835.7207	99.5028
3836.6851	99.6943
3837.6492	99.8861
3838.6135	100.042
3839.5776	100.11
3840.5420	100.041
3841.5061	99.8347
3842.4705	99.5471
3843.4346	99.2596
3844.3989	99.0309
3845.3630	98.8851
3846.3274	98.8202
3847.2915	98.8196
3848.2559	98.8613
3849.2200	98.9233
3850.1843	98.9888
3851.1484	99.0504
3852.1128	99.1109
3853.0769	99.1781
3854.0413	99.2557
3855.0054	99.336
3855.9697	99.3989
3856.9338	99.4183
3857.8982	99.3719
3858.8623	99.2517
3859.8267	99.0676
3860.7908	98.8452
3861.7551	98.6226
3862.7192	98.4475
3863.6836	98.3723
3864.6477	98.4323
3865.6121	98.6134
3866.5762	98.8457
3867.5405	99.048
3868.5046	99.1735
3869.4690	99.2156
3870.4331	99.1908
3871.3975	99.1241
3872.3616	99.043
3873.3259	98.9755
3874.2900	98.9431
3875.2544	98.949
3876.2185	98.9723
3877.1829	98.9778
3878.1470	98.9345
3879.1113	98.8357
3880.0754	98.707
3881.0398	98.5957
3882.0039	98.5449
3882.9683	98.5712
3883.9324	98.6592
3884.8967	98.7731
3885.8608	98.8741
3886.8252	98.9337
3887.7893	98.9408
3888.7537	98.8987
3889.7178	98.8178
3890.6821	98.7098
3891.6462	98.5859
3892.6106	98.4577
3893.5747	98.3377
3894.5391	98.2383
3895.5032	98.1692
3896.4675	98.1326
3897.4316	98.1206
3898.3960	98.1172
3899.3601	98.1089
3900.3245	98.0949
3901.2886	98.0883
3902.2529	98.1071
3903.2170	98.1586
3904.1814	98.2291
3905.1455	98.2886
3906.1099	98.3083
3907.0740	98.2756
3908.0383	98.1966
3909.0024	98.0883
3909.9668	97.9701
3910.9309	97.8591
3911.8953	97.7696
3912.8594	97.7158
3913.8237	97.7108
3914.7878	97.7603
3915.7522	97.8536
3916.7163	97.9623
3917.6807	98.0507
3918.6448	98.0929
3919.6091	98.084
3920.5732	98.0401
3921.5376	97.9867
3922.5017	97.9452
3923.4661	97.9243
3924.4302	97.9207
3925.3945	97.9258
3926.3586	97.9321
3927.3230	97.9369
3928.2871	97.9411
3929.2515	97.9462
3930.2156	97.9522
3931.1799	97.9585
3932.1440	97.9655
3933.1084	97.9745
3934.0725	97.9857
3935.0369	97.9959
3936.0010	97.9985
3936.9653	97.9868
3937.9294	97.9577
3938.8938	97.9153
3939.8579	97.87
3940.8223	97.8348
3941.7864	97.8199
3942.7507	97.8288
3943.7148	97.8554
3944.6792	97.8865
3945.6433	97.9061
3946.6077	97.902
3947.5718	97.8695
3948.5361	97.8118
3949.5002	97.7389
3950.4646	97.6649
3951.4287	97.6044
3952.3931	97.5674
3953.3572	97.5565
3954.3215	97.5649
3955.2856	97.5801
3956.2500	97.5903
3957.2141	97.5902
3958.1785	97.5827
3959.1426	97.576
3960.1069	97.5759
3961.0710	97.582
3962.0354	97.5872
3962.9995	97.5829
3963.9639	97.5656
3964.9280	97.5385
3965.8923	97.509
3966.8564	97.4833
3967.8208	97.463
3968.7849	97.4452
3969.7493	97.4272
3970.7134	97.4095
3971.6777	97.3967
3972.6418	97.3941
3973.6062	97.4035
3974.5703	97.4203
3975.5347	97.4358
3976.4988	97.4408
3977.4631	97.4302
3978.4272	97.4046
3979.3916	97.3687
3980.3557	97.328
3981.3201	97.2868
3982.2842	97.2471
3983.2485	97.2108
3984.2126	97.1807
3985.1770	97.1603
3986.1411	97.1521
3987.1055	97.1554
3988.0696	97.1652
3989.0339	97.1748
3989.9980	97.1804
3990.9624	97.1808
3991.9265	97.1782
3992.8909	97.1766
3993.8550	97.1794
3994.8193	97.187
3995.7834	97.196
3996.7478	97.2012
3997.7119	97.198
3998.6763	97.1849
3999.6404	97.1638
4000.6047	97.1397
