549.6131	96.9577
550.5773	96.8367
551.5416	96.6893
552.5058	96.5203
553.4700	96.3387
554.4343	96.1509
555.3985	95.9561
556.3627	95.7482
557.3270	95.5215
558.2912	95.277
559.2554	95.0248
560.2197	94.7803
561.1839	94.558
562.1481	94.3638
563.1124	94.2413
564.0766	94.1795
565.0408	94.1509
566.0051	94.1279
566.9693	94.0932
567.9335	94.0426
568.8978	93.9801
569.8620	93.9141
570.8262	93.8544
571.7905	93.8123
572.7547	93.7986
573.7189	93.821
574.6832	93.8798
575.6474	93.9666
576.6116	94.0663
577.5759	94.1633
578.5401	94.2468
579.5043	94.3156
580.4686	94.3776
581.4328	94.4451
582.3970	94.5287
583.3613	94.6316
584.3255	94.7495
585.2897	94.8732
586.2540	94.9947
587.2182	95.1137
588.1824	95.2394
589.1467	95.3865
590.1109	95.5665
591.0751	95.7797
592.0394	96.0137
593.0036	96.2459
593.9678	96.4519
594.9321	96.6125
595.8963	96.7199
596.8605	96.7782
597.8248	96.8002
598.7890	96.8027
599.7532	96.8016
600.7175	96.8098
601.6817	96.8364
602.6459	96.8868
603.6102	96.9626
604.5744	97.0617
605.5386	97.1788
606.5029	97.3067
607.4671	97.4368
608.4313	97.5606
609.3956	97.6713
610.3598	97.7652
611.3240	97.8439
612.2883	97.9122
613.2525	97.9764
614.2167	98.0397
615.1810	98.1008
616.1452	98.1537
617.1094	98.1919
618.0737	98.2126
619.0379	98.2204
620.0021	98.2264
620.9664	98.245
621.9306	98.2878
622.8948	98.358
623.8591	98.4489
624.8233	98.5466
625.7875	98.6371
626.7518	98.7138
627.7160	98.7795
628.6802	98.8431
629.6445	98.9122
630.6087	98.9881
631.5729	99.0643
632.5372	99.1309
633.5014	99.1805
634.4656	99.212
635.4299	99.2309
636.3941	99.2454
637.3583	99.2637
638.3226	99.2921
639.2868	99.336
640.2510	99.4004
641.2153	99.4889
642.1795	99.6003
643.1437	99.7266
644.1080	99.853
645.0722	99.9618
646.0364	100.039
647.0007	100.081
647.9649	100.096
648.9291	100.101
649.8934	100.116
650.8576	100.154
651.8218	100.216
652.7861	100.293
653.7503	100.368
654.7145	100.416
655.6788	100.416
656.6430	100.361
657.6072	100.272
658.5715	100.187
659.5357	100.13
660.4999	100.103
661.4642	100.094
662.4284	100.088
663.3926	100.068
664.3569	100.028
665.3211	99.9671
666.2853	99.8949
667.2496	99.8225
668.2138	99.76
669.1780	99.7136
670.1423	99.6852
671.1065	99.6725
672.0707	99.6693
673.0350	99.6666
673.9992	99.6551
674.9634	99.6285
675.9277	99.5854
676.8919	99.5305
677.8561	99.474
678.8204	99.4337
679.7846	99.4317
680.7488	99.4804
681.7131	99.5646
682.6773	99.6528
683.6415	99.7213
684.6058	99.7618
685.5700	99.7769
686.5342	99.7755
687.4985	99.7694
688.4627	99.7692
689.4269	99.7806
690.3912	99.8036
691.3554	99.8339
692.3196	99.8658
693.2839	99.8948
694.2481	99.9189
695.2123	99.9394
696.1766	99.9603
697.1408	99.9868
698.1050	100.023
699.0693	100.068
700.0335	100.117
700.9977	100.162
701.9620	100.195
702.9262	100.214
703.8904	100.227
704.8547	100.242
705.8189	100.27
706.7831	100.315
707.7474	100.372
708.7116	100.43
709.6758	100.477
710.6401	100.506
711.6043	100.517
712.5685	100.516
713.5328	100.514
714.4970	100.515
715.4612	100.527
716.4255	100.548
717.3897	100.579
718.3539	100.615
719.3182	100.652
720.2824	100.682
721.2466	100.7
722.2109	100.7
723.1751	100.679
724.1393	100.642
725.1036	100.597
726.0678	100.552
727.0320	100.513
727.9963	100.479
728.9605	100.444
729.9247	100.399
730.8890	100.34
731.8532	100.271
732.8174	100.201
733.7817	100.139
734.7459	100.092
735.7101	100.055
736.6744	100.023
737.6386	99.9886
738.6028	99.9463
739.5671	99.8957
740.5313	99.839
741.4955	99.7797
742.4598	99.7213
743.4240	99.6665
744.3882	99.6176
745.3525	99.577
746.3167	99.5465
747.2809	99.5271
748.2452	99.5181
749.2094	99.5177
750.1736	99.5234
751.1379	99.5334
752.1021	99.5465
753.0663	99.5625
754.0306	99.5809
754.9948	99.6004
755.9590	99.6188
756.9233	99.6343
757.8875	99.6465
758.8517	99.6572
759.8160	99.6703
760.7802	99.6896
761.7444	99.7172
762.7087	99.7516
763.6729	99.7892
764.6371	99.8251
765.6014	99.8563
766.5656	99.8826
767.5298	99.9066
768.4941	99.9319
769.4583	99.9615
770.4225	99.9966
771.3868	100.036
772.3510	100.077
773.3152	100.117
774.2795	100.154
775.2437	100.185
776.2079	100.21
777.1722	100.231
778.1364	100.25
779.1006	100.27
780.0649	100.292
781.0291	100.319
781.9933	100.35
782.9576	100.382
783.9218	100.412
784.8860	100.438
785.8503	100.461
786.8145	100.484
787.7787	100.509
788.7430	100.538
789.7072	100.573
790.6714	100.609
791.6357	100.643
792.5999	100.671
793.5641	100.69
794.5284	100.703
795.4926	100.713
796.4568	100.723
797.4211	100.739
798.3853	100.759
799.3495	100.783
800.3138	100.806
801.2780	100.826
802.2422	100.838
803.2065	100.842
804.1707	100.84
805.1349	100.836
806.0992	100.835
807.0634	100.843
808.0276	100.861
808.9919	100.889
809.9561	100.918
810.9203	100.942
811.8846	100.954
812.8488	100.95
813.8130	100.934
814.7773	100.912
815.7415	100.892
816.7057	100.878
817.6700	100.873
818.6342	100.875
819.5984	100.879
820.5627	100.884
821.5269	100.888
822.4911	100.893
823.4554	100.901
824.4196	100.912
825.3839	100.928
826.3481	100.949
827.3123	100.975
828.2766	101.005
829.2408	101.038
830.2050	101.07
831.1693	101.096
832.1335	101.111
833.0977	101.113
834.0620	101.104
835.0262	101.093
835.9904	101.086
836.9547	101.09
837.9189	101.106
838.8831	101.129
839.8474	101.156
840.8116	101.181
841.7758	101.202
842.7401	101.218
843.7043	101.228
844.6685	101.234
845.6328	101.232
846.5970	101.221
847.5612	101.2
848.5255	101.17
849.4897	101.132
850.4539	101.088
851.4182	101.039
852.3824	100.986
853.3466	100.928
854.3109	100.866
855.2751	100.8
856.2393	100.732
857.2036	100.663
858.1678	100.594
859.1320	100.527
860.0963	100.46
861.0605	100.392
862.0247	100.322
862.9890	100.251
863.9532	100.182
864.9174	100.117
865.8817	100.06
866.8459	100.013
867.8101	99.9753
868.7744	99.9482
869.7386	99.9306
870.7028	99.9208
871.6671	99.9174
872.6313	99.9185
873.5955	99.9224
874.5598	99.9272
875.5240	99.9317
876.4882	99.9355
877.4525	99.9398
878.4167	99.9469
879.3809	99.9598
880.3452	99.9801
881.3094	100.007
882.2736	100.039
883.2379	100.071
884.2021	100.103
885.1663	100.132
886.1306	100.16
887.0948	100.188
888.0590	100.217
889.0233	100.245
889.9875	100.27
890.9517	100.292
891.9160	100.311
892.8802	100.33
893.8444	100.352
894.8087	100.378
895.7729	100.409
896.7371	100.444
897.7014	100.482
898.6656	100.523
899.6298	100.567
900.5941	100.614
901.5583	100.663
902.5225	100.713
903.4868	100.765
904.4510	100.818
905.4152	100.872
906.3795	100.928
907.3437	100.987
908.3079	101.049
909.2722	101.115
910.2364	101.181
911.2006	101.248
912.1649	101.314
913.1291	101.378
914.0933	101.442
915.0576	101.503
916.0218	101.56
916.9860	101.61
917.9503	101.654
918.9145	101.691
919.8787	101.722
920.8430	101.752
921.8072	101.782
922.7714	101.813
923.7357	101.846
924.6999	101.878
925.6641	101.904
926.6284	101.922
927.5926	101.929
928.5568	101.927
929.5211	101.916
930.4853	101.898
931.4495	101.876
932.4138	101.848
933.3780	101.812
934.3422	101.766
935.3065	101.705
936.2707	101.628
937.2349	101.536
938.1992	101.431
939.1634	101.315
940.1276	101.193
941.0919	101.069
942.0561	100.947
943.0203	100.831
943.9846	100.724
944.9488	100.63
945.9130	100.549
946.8773	100.483
947.8415	100.431
948.8057	100.39
949.7700	100.359
950.7342	100.335
951.6984	100.317
952.6627	100.302
953.6269	100.291
954.5911	100.283
955.5554	100.278
956.5196	100.277
957.4838	100.279
958.4481	100.285
959.4123	100.296
960.3765	100.313
961.3408	100.335
962.3050	100.362
963.2692	100.395
964.2335	100.43
965.1977	100.465
966.1619	100.495
967.1262	100.516
968.0904	100.522
969.0546	100.509
970.0189	100.475
970.9831	100.422
971.9473	100.349
972.9116	100.261
973.8758	100.16
974.8400	100.048
975.8043	99.9264
976.7685	99.7954
977.7327	99.6552
978.6970	99.506
979.6612	99.349
980.6254	99.1859
981.5897	99.019
982.5539	98.8503
983.5181	98.6804
984.4824	98.509
985.4466	98.3344
986.4108	98.154
987.3751	97.9652
988.3393	97.7658
989.3035	97.5546
990.2678	97.3314
991.2320	97.0977
992.1962	96.8558
993.1605	96.6088
994.1247	96.36
995.0889	96.1121
996.0532	95.8671
997.0174	95.627
997.9816	95.394
998.9459	95.171
999.9101	94.9606
1000.8743	94.7653
1001.8386	94.5855
1002.8028	94.4201
1003.7670	94.2665
1004.7313	94.1214
1005.6955	93.9826
1006.6597	93.8491
1007.6240	93.7211
1008.5882	93.5998
1009.5524	93.4867
1010.5167	93.3832
1011.4809	93.2907
1012.4451	93.2104
1013.4094	93.1438
1014.3736	93.0917
1015.3378	93.0546
1016.3021	93.0322
1017.2663	93.0235
1018.2305	93.0276
1019.1948	93.0435
1020.1590	93.0708
1021.1232	93.1092
1022.0875	93.1582
1023.0517	93.2167
1024.0160	93.2829
1024.9802	93.3548
1025.9445	93.4305
1026.9087	93.5081
1027.8729	93.5865
1028.8372	93.6649
1029.8014	93.7427
1030.7656	93.8197
1031.7299	93.8954
1032.6941	93.9691
1033.6583	94.0397
1034.6226	94.106
1035.5868	94.1672
1036.5510	94.223
1037.5153	94.2739
1038.4795	94.3203
1039.4437	94.3619
1040.4080	94.3969
1041.3722	94.4222
1042.3364	94.4343
1043.3007	94.4305
1044.2649	94.4097
1045.2291	94.3723
1046.1934	94.3198
1047.1576	94.2534
1048.1218	94.1741
1049.0861	94.0822
1050.0503	93.9785
1051.0145	93.8643
1051.9788	93.7421
1052.9430	93.6144
1053.9072	93.4837
1054.8715	93.3518
1055.8357	93.2204
1056.7999	93.0905
1057.7642	92.9636
1058.7284	92.8407
1059.6926	92.7226
1060.6569	92.6095
1061.6211	92.5014
1062.5853	92.3987
1063.5496	92.3036
1064.5138	92.2197
1065.4780	92.1518
1066.4423	92.104
1067.4065	92.0788
1068.3707	92.076
1069.3350	92.0939
1070.2992	92.1303
1071.2634	92.1841
1072.2277	92.2557
1073.1919	92.3461
1074.1561	92.4562
1075.1204	92.5853
1076.0846	92.7309
1077.0488	92.8894
1078.0131	93.0574
1078.9773	93.2326
1079.9415	93.414
1080.9058	93.6017
1081.8700	93.796
1082.8342	93.9969
1083.7985	94.2037
1084.7627	94.4148
1085.7269	94.6282
1086.6912	94.841
1087.6554	95.0504
1088.6196	95.253
1089.5839	95.4456
1090.5481	95.6254
1091.5123	95.7904
1092.4766	95.9395
1093.4408	96.0727
1094.4050	96.1902
1095.3693	96.2926
1096.3335	96.3799
1097.2977	96.4525
1098.2620	96.5112
1099.2262	96.5576
1100.1904	96.5939
1101.1547	96.6225
1102.1189	96.6456
1103.0831	96.6648
1104.0474	96.6811
1105.0116	96.6955
1105.9758	96.709
1106.9401	96.7232
1107.9043	96.7401
1108.8685	96.762
1109.8328	96.7912
1110.7970	96.8295
1111.7612	96.8784
1112.7255	96.9387
1113.6897	97.0113
1114.6539	97.0968
1115.6182	97.1959
1116.5824	97.3085
1117.5466	97.4342
1118.5109	97.572
1119.4751	97.7202
1120.4393	97.877
1121.4036	98.0406
1122.3678	98.2097
1123.3320	98.3831
1124.2963	98.5599
1125.2605	98.7395
1126.2247	98.9213
1127.1890	99.1039
1128.1532	99.2851
1129.1174	99.4623
1130.0817	99.6327
1131.0459	99.794
1132.0101	99.9448
1132.9744	100.084
1133.9386	100.212
1134.9028	100.326
1135.8671	100.426
1136.8313	100.51
1137.7955	100.576
1138.7598	100.625
1139.7240	100.658
1140.6882	100.679
1141.6525	100.689
1142.6167	100.692
1143.5809	100.69
1144.5452	100.685
1145.5094	100.679
1146.4736	100.674
1147.4379	100.672
1148.4021	100.675
1149.3663	100.684
1150.3306	100.7
1151.2948	100.722
1152.2590	100.752
1153.2233	100.791
1154.1875	100.841
1155.1517	100.903
1156.1160	100.978
1157.0802	101.066
1158.0444	101.168
1159.0087	101.282
1159.9729	101.408
1160.9371	101.545
1161.9014	101.692
1162.8656	101.847
1163.8298	102.009
1164.7941	102.175
1165.7583	102.346
1166.7225	102.519
1167.6868	102.693
1168.6510	102.866
1169.6152	103.036
1170.5795	103.2
1171.5437	103.356
1172.5079	103.504
1173.4722	103.641
1174.4364	103.769
1175.4006	103.889
1176.3649	104
1177.3291	104.103
1178.2933	104.195
1179.2576	104.276
1180.2218	104.341
1181.1860	104.39
1182.1503	104.423
1183.1145	104.44
1184.0787	104.443
1185.0430	104.434
1186.0072	104.414
1186.9714	104.386
1187.9357	104.348
1188.8999	104.301
1189.8641	104.244
1190.8284	104.18
1191.7926	104.11
1192.7568	104.037
1193.7211	103.965
1194.6853	103.895
1195.6495	103.83
1196.6138	103.769
1197.5780	103.713
1198.5422	103.662
1199.5065	103.614
1200.4707	103.569
1201.4349	103.525
1202.3992	103.482
1203.3634	103.438
1204.3276	103.397
1205.2919	103.36
1206.2561	103.333
1207.2203	103.318
1208.1846	103.317
1209.1488	103.328
1210.1130	103.35
1211.0773	103.379
1212.0415	103.411
1213.0057	103.443
1213.9700	103.475
1214.9342	103.506
1215.8984	103.536
1216.8627	103.564
1217.8269	103.591
1218.7911	103.614
1219.7554	103.635
1220.7196	103.652
1221.6838	103.667
1222.6481	103.68
1223.6123	103.692
1224.5765	103.706
1225.5408	103.723
1226.5050	103.745
1227.4692	103.773
1228.4335	103.808
1229.3977	103.846
1230.3619	103.883
1231.3262	103.916
1232.2904	103.942
1233.2546	103.961
1234.2189	103.974
1235.1831	103.986
1236.1473	103.999
1237.1116	104.015
1238.0758	104.033
1239.0400	104.052
1240.0043	104.07
1240.9685	104.086
1241.9327	104.1
1242.8970	104.111
1243.8612	104.12
1244.8254	104.126
1245.7897	104.127
1246.7539	104.123
1247.7181	104.112
1248.6824	104.095
1249.6466	104.072
1250.6108	104.044
1251.5751	104.015
1252.5393	103.984
1253.5035	103.954
1254.4678	103.927
1255.4320	103.904
1256.3962	103.885
1257.3605	103.87
1258.3247	103.86
1259.2889	103.851
1260.2532	103.846
1261.2174	103.844
1262.1816	103.846
1263.1459	103.853
1264.1101	103.864
1265.0743	103.878
1266.0386	103.893
1267.0028	103.907
1267.9670	103.919
1268.9313	103.929
1269.8955	103.938
1270.8597	103.946
1271.8240	103.953
1272.7882	103.959
1273.7524	103.959
1274.7167	103.953
1275.6809	103.94
1276.6451	103.919
1277.6094	103.891
1278.5736	103.855
1279.5378	103.81
1280.5021	103.757
1281.4663	103.693
1282.4305	103.62
1283.3948	103.537
1284.3590	103.444
1285.3232	103.344
1286.2875	103.237
1287.2517	103.123
1288.2159	103.005
1289.1802	102.885
1290.1444	102.764
1291.1086	102.644
1292.0729	102.525
1293.0371	102.407
1294.0013	102.289
1294.9656	102.172
1295.9298	102.058
1296.8940	101.948
1297.8583	101.845
1298.8225	101.75
1299.7867	101.661
1300.7510	101.578
1301.7152	101.499
1302.6794	101.423
1303.6437	101.352
1304.6079	101.286
1305.5721	101.227
1306.5364	101.177
1307.5006	101.137
1308.4648	101.109
1309.4291	101.094
1310.3933	101.092
1311.3575	101.102
1312.3218	101.121
1313.2860	101.148
1314.2502	101.181
1315.2145	101.219
1316.1787	101.263
1317.1429	101.314
1318.1072	101.372
1319.0714	101.438
1320.0356	101.512
1320.9999	101.593
1321.9641	101.68
1322.9283	101.769
1323.8926	101.855
1324.8568	101.934
1325.8210	102.002
1326.7853	102.059
1327.7495	102.11
1328.7137	102.158
1329.6780	102.211
1330.6422	102.27
1331.6064	102.334
1332.5707	102.396
1333.5349	102.452
1334.4991	102.497
1335.4634	102.53
1336.4276	102.551
1337.3918	102.561
1338.3561	102.562
1339.3203	102.554
1340.2845	102.537
1341.2488	102.51
1342.2130	102.471
1343.1772	102.421
1344.1415	102.359
1345.1057	102.287
1346.0699	102.204
1347.0342	102.11
1347.9984	102.004
1348.9626	101.885
1349.9269	101.753
1350.8911	101.612
1351.8553	101.464
1352.8196	101.312
1353.7838	101.155
1354.7480	100.991
1355.7123	100.819
1356.6765	100.642
1357.6407	100.461
1358.6050	100.277
1359.5692	100.09
1360.5334	99.8987
1361.4977	99.7001
1362.4619	99.4956
1363.4261	99.291
1364.3904	99.0948
1365.3546	98.9146
1366.3188	98.7549
1367.2831	98.6164
1368.2473	98.4985
1369.2115	98.4009
1370.1758	98.3249
1371.1400	98.2732
1372.1042	98.2482
1373.0685	98.2507
1374.0327	98.2785
1374.9969	98.3278
1375.9612	98.3954
1376.9254	98.4799
1377.8896	98.5803
1378.8539	98.6944
1379.8181	98.8172
1380.7823	98.9415
1381.7466	99.0603
1382.7108	99.1701
1383.6750	99.2736
1384.6393	99.3786
1385.6035	99.4933
1386.5677	99.6222
1387.5320	99.764
1388.4962	99.9127
1389.4604	100.06
1390.4247	100.2
1391.3889	100.324
1392.3531	100.428
1393.3174	100.508
1394.2816	100.564
1395.2458	100.601
1396.2101	100.624
1397.1743	100.64
1398.1385	100.651
1399.1028	100.658
1400.0670	100.658
1401.0313	100.645
1401.9955	100.618
1402.9597	100.576
1403.9240	100.52
1404.8882	100.449
1405.8524	100.366
1406.8167	100.275
1407.7809	100.188
1408.7451	100.111
1409.7094	100.046
1410.6736	99.9891
1411.6378	99.935
1412.6021	99.8788
1413.5663	99.8195
1414.5305	99.7588
1415.4948	99.6992
1416.4590	99.6421
1417.4232	99.5881
1418.3875	99.5375
1419.3517	99.492
1420.3159	99.4531
1421.2802	99.4205
1422.2444	99.39
1423.2086	99.3533
1424.1729	99.3024
1425.1371	99.2369
1426.1013	99.1665
1427.0656	99.1063
1428.0298	99.0704
1428.9940	99.0681
1429.9583	99.1017
1430.9225	99.1637
1431.8867	99.238
1432.8510	99.3073
1433.8152	99.3598
1434.7794	99.3918
1435.7437	99.4057
1436.7079	99.4076
1437.6721	99.4061
1438.6364	99.4103
1439.6006	99.428
1440.5648	99.4628
1441.5291	99.5098
1442.4933	99.5529
1443.4575	99.5666
1444.4218	99.5283
1445.3860	99.4397
1446.3502	99.3348
1447.3145	99.2575
1448.2787	99.234
1449.2429	99.263
1450.2072	99.3209
1451.1714	99.3771
1452.1356	99.4093
1453.0999	99.4125
1454.0641	99.3996
1455.0283	99.3909
1455.9926	99.4012
1456.9568	99.4339
1457.9210	99.4809
1458.8853	99.5261
1459.8495	99.5515
1460.8137	99.5465
1461.7780	99.514
1462.7422	99.4671
1463.7064	99.4192
1464.6707	99.3795
1465.6349	99.3549
1466.5991	99.3552
1467.5634	99.3951
1468.5276	99.4878
1469.4918	99.6291
1470.4561	99.7912
1471.4203	99.9407
1472.3845	100.058
1473.3488	100.14
1474.3130	100.19
1475.2772	100.215
1476.2415	100.221
1477.2057	100.215
1478.1699	100.205
1479.1342	100.196
1480.0984	100.191
1481.0626	100.192
1482.0269	100.201
1482.9911	100.221
1483.9553	100.253
1484.9196	100.295
1485.8838	100.341
1486.8480	100.385
1487.8123	100.43
1488.7765	100.477
1489.7407	100.53
1490.7050	100.587
1491.6692	100.638
1492.6334	100.662
1493.5977	100.629
1494.5619	100.517
1495.5261	100.338
1496.4904	100.137
1497.4546	99.9597
1498.4188	99.8316
1499.3831	99.7601
1500.3473	99.7398
1501.3115	99.7522
1502.2758	99.7689
1503.2400	99.7626
1504.2042	99.7196
1505.1685	99.6417
1506.1327	99.5403
1507.0969	99.4298
1508.0612	99.3227
1509.0254	99.2271
1509.9896	99.1434
1510.9539	99.0629
1511.9181	98.9728
1512.8823	98.8629
1513.8466	98.7304
1514.8108	98.5831
1515.7750	98.4396
1516.7393	98.3277
1517.7035	98.2778
1518.6677	98.3041
1519.6320	98.3831
1520.5962	98.4621
1521.5604	98.5018
1522.5247	98.4979
1523.4889	98.4676
1524.4531	98.4298
1525.4174	98.3921
1526.3816	98.3457
1527.3458	98.2674
1528.3101	98.1353
1529.2743	97.9537
1530.2385	97.7545
1531.2028	97.5718
1532.1670	97.4248
1533.1312	97.317
1534.0955	97.2404
1535.0597	97.1826
1536.0239	97.1317
1536.9882	97.0799
1537.9524	97.0221
1538.9166	96.955
1539.8809	96.8776
1540.8451	96.7932
1541.8093	96.709
1542.7736	96.632
1543.7378	96.5629
1544.7020	96.487
1545.6663	96.3732
1546.6305	96.1958
1547.5947	95.9667
1548.5590	95.7289
1549.5232	95.5238
1550.4874	95.3823
1551.4517	95.3301
1552.4159	95.3789
1553.3801	95.5088
1554.3444	95.6724
1555.3086	95.8249
1556.2728	95.9443
1557.2371	96.0318
1558.2013	96.103
1559.1655	96.1761
1560.1298	96.2632
1561.0940	96.3659
1562.0582	96.4762
1563.0225	96.5796
1563.9867	96.6634
1564.9509	96.7264
1565.9152	96.7813
1566.8794	96.8467
1567.8436	96.941
1568.8079	97.0841
1569.7721	97.2965
1570.7363	97.5827
1571.7006	97.9118
1572.6648	98.2345
1573.6290	98.5197
1574.5933	98.7604
1575.5575	98.9626
1576.5217	99.1361
1577.4860	99.2925
1578.4502	99.4436
1579.4144	99.6
1580.3787	99.7662
1581.3429	99.9378
1582.3071	100.102
1583.2714	100.247
1584.2356	100.366
1585.1998	100.466
1586.1641	100.559
1587.1283	100.663
1588.0925	100.788
1589.0568	100.927
1590.0210	101.06
1590.9852	101.17
1591.9495	101.246
1592.9137	101.291
1593.8779	101.311
1594.8422	101.312
1595.8064	101.295
1596.7706	101.26
1597.7349	101.206
1598.6991	101.14
1599.6633	101.068
1600.6276	100.99
1601.5918	100.903
1602.5560	100.794
1603.5203	100.648
1604.4845	100.462
1605.4487	100.249
1606.4130	100.029
1607.3772	99.8206
1608.3414	99.625
1609.3057	99.4347
1610.2699	99.2381
1611.2341	99.0284
1612.1984	98.8073
1613.1626	98.5836
1614.1268	98.3664
1615.0911	98.1617
1616.0553	97.9729
1617.0195	97.8045
1617.9838	97.6629
1618.9480	97.5531
1619.9122	97.4739
1620.8765	97.4124
1621.8407	97.344
1622.8049	97.2408
1623.7692	97.0907
1624.7334	96.9111
1625.6976	96.7397
1626.6619	96.6132
1627.6261	96.5547
1628.5903	96.5676
1629.5546	96.6329
1630.5188	96.719
1631.4830	96.7948
1632.4473	96.838
1633.4115	96.8388
1634.3757	96.8056
1635.3400	96.7645
1636.3042	96.7432
1637.2684	96.7533
1638.2327	96.7846
1639.1969	96.8081
1640.1611	96.7811
1641.1254	96.6697
1642.0896	96.4833
1643.0538	96.2717
1644.0181	96.0832
1644.9823	95.9455
1645.9465	95.8735
1646.9108	95.872
1647.8750	95.9276
1648.8392	96.0056
1649.8035	96.069
1650.7677	96.1016
1651.7319	96.1098
1652.6962	96.1078
1653.6604	96.1053
1654.6246	96.1056
1655.5889	96.1093
1656.5531	96.1214
1657.5173	96.1534
1658.4816	96.2148
1659.4458	96.3001
1660.4100	96.3901
1661.3743	96.4662
1662.3385	96.5246
1663.3027	96.5844
1664.2670	96.6878
1665.2312	96.8756
1666.1954	97.1452
1667.1597	97.4486
1668.1239	97.7363
1669.0881	97.9772
1670.0524	98.1542
1671.0166	98.2613
1671.9808	98.3122
1672.9451	98.3427
1673.9093	98.3895
1674.8735	98.467
1675.8378	98.5669
1676.8020	98.6752
1677.7662	98.7855
1678.7305	98.9012
1679.6947	99.0319
1680.6589	99.1844
1681.6232	99.3543
1682.5874	99.5239
1683.5516	99.6716
1684.5159	99.7839
1685.4801	99.8609
1686.4443	99.9112
1687.4086	99.9436
1688.3728	99.9624
1689.3370	99.9663
1690.3013	99.9526
1691.2655	99.9207
1692.2297	99.8743
1693.1940	99.8245
1694.1582	99.791
1695.1224	99.7972
1696.0867	99.8541
1697.0509	99.949
1698.0151	100.055
1698.9794	100.151
1699.9436	100.224
1700.9078	100.269
1701.8721	100.276
1702.8363	100.239
1703.8005	100.147
1704.7648	100.006
1705.7290	99.8339
1706.6932	99.6661
1707.6575	99.5315
1708.6217	99.444
1709.5859	99.4025
1710.5502	99.3973
1711.5144	99.4162
1712.4786	99.4464
1713.4429	99.4759
1714.4071	99.4976
1715.3713	99.5104
1716.3356	99.5188
1717.2998	99.5275
1718.2640	99.5356
1719.2283	99.532
1720.1925	99.4978
1721.1567	99.4168
1722.1210	99.2895
1723.0852	99.1353
1724.0494	98.9799
1725.0137	98.8422
1725.9779	98.7319
1726.9421	98.6534
1727.9064	98.6089
1728.8706	98.5969
1729.8348	98.608
1730.7991	98.6266
1731.7633	98.6393
1732.7275	98.6395
1733.6918	98.626
1734.6560	98.5989
1735.6202	98.5571
1736.5845	98.4995
1737.5487	98.4275
1738.5129	98.3481
1739.4772	98.2718
1740.4414	98.2074
1741.4056	98.1599
1742.3699	98.1319
1743.3341	98.1275
1744.2983	98.1539
1745.2626	98.216
1746.2268	98.3073
1747.1910	98.4083
1748.1553	98.4979
1749.1195	98.5668
1750.0837	98.6201
1751.0480	98.6735
1752.0122	98.7435
1752.9764	98.8386
1753.9407	98.9551
1754.9049	99.0797
1755.8691	99.1965
1756.8334	99.2934
1757.7976	99.3643
1758.7618	99.4099
1759.7261	99.4391
1760.6903	99.4669
1761.6545	99.5086
1762.6188	99.5712
1763.5830	99.6503
1764.5472	99.7351
1765.5115	99.8147
1766.4757	99.8822
1767.4399	99.9361
1768.4042	99.9791
1769.3684	100.017
1770.3326	100.054
1771.2969	100.096
1772.2611	100.144
1773.2253	100.2
1774.1896	100.265
1775.1538	100.332
1776.1180	100.395
1777.0823	100.443
1778.0465	100.466
1779.0107	100.458
1779.9750	100.424
1780.9392	100.382
1781.9034	100.357
1782.8677	100.367
1783.8319	100.42
1784.7961	100.504
1785.7604	100.594
1786.7246	100.664
1787.6888	100.699
1788.6531	100.699
1789.6173	100.677
1790.5815	100.652
1791.5458	100.64
1792.5100	100.647
1793.4742	100.672
1794.4385	100.707
1795.4027	100.744
1796.3669	100.773
1797.3312	100.79
1798.2954	100.789
1799.2596	100.773
1800.2239	100.748
1801.1881	100.727
1802.1523	100.721
1803.1166	100.74
1804.0808	100.785
1805.0450	100.844
1806.0093	100.903
1806.9735	100.95
1807.9377	100.983
1808.9020	101.006
1809.8662	101.026
1810.8304	101.047
1811.7947	101.073
1812.7589	101.102
1813.7231	101.131
1814.6874	101.152
1815.6516	101.157
1816.6158	101.14
1817.5801	101.102
1818.5443	101.051
1819.5085	101
1820.4728	100.964
1821.4370	100.95
1822.4012	100.955
1823.3655	100.97
1824.3297	100.986
1825.2939	100.996
1826.2582	101.001
1827.2224	101.008
1828.1866	101.02
1829.1509	101.033
1830.1151	101.036
1831.0793	101.019
1832.0436	100.973
1833.0078	100.906
1833.9720	100.835
1834.9363	100.775
1835.9005	100.736
1836.8647	100.72
1837.8290	100.722
1838.7932	100.734
1839.7574	100.755
1840.7217	100.785
1841.6859	100.825
1842.6501	100.87
1843.6144	100.912
1844.5786	100.942
1845.5428	100.957
1846.5071	100.959
1847.4713	100.955
1848.4355	100.95
1849.3998	100.948
1850.3640	100.947
1851.3282	100.944
1852.2925	100.939
1853.2567	100.931
1854.2209	100.923
1855.1852	100.917
1856.1494	100.914
1857.1136	100.914
1858.0779	100.914
1859.0421	100.914
1860.0063	100.917
1860.9706	100.922
1861.9348	100.928
1862.8990	100.933
1863.8633	100.936
1864.8275	100.934
1865.7917	100.928
1866.7560	100.92
1867.7202	100.91
1868.6844	100.901
1869.6487	100.892
1870.6129	100.885
1871.5771	100.881
1872.5414	100.878
1873.5056	100.875
1874.4698	100.867
1875.4341	100.85
1876.3983	100.822
1877.3625	100.79
1878.3268	100.763
1879.2910	100.754
1880.2552	100.767
1881.2195	100.797
1882.1837	100.831
1883.1479	100.856
1884.1122	100.865
1885.0764	100.856
1886.0406	100.838
1887.0049	100.817
1887.9691	100.797
1888.9333	100.782
1889.8976	100.771
1890.8618	100.762
1891.8260	100.755
1892.7903	100.749
1893.7545	100.743
1894.7188	100.734
1895.6830	100.718
1896.6472	100.694
1897.6115	100.664
1898.5757	100.634
1899.5399	100.612
1900.5042	100.603
1901.4684	100.609
1902.4326	100.622
1903.3969	100.634
1904.3611	100.638
1905.3253	100.63
1906.2896	100.615
1907.2538	100.596
1908.2180	100.579
1909.1823	100.563
1910.1465	100.545
1911.1107	100.524
1912.0750	100.499
1913.0392	100.474
1914.0034	100.452
1914.9677	100.435
1915.9319	100.421
1916.8961	100.409
1917.8604	100.398
1918.8246	100.387
1919.7888	100.379
1920.7531	100.377
1921.7173	100.379
1922.6815	100.382
1923.6458	100.385
1924.6100	100.384
1925.5742	100.379
1926.5385	100.371
1927.5027	100.363
1928.4669	100.355
1929.4312	100.346
1930.3954	100.335
1931.3596	100.321
1932.3239	100.306
1933.2881	100.293
1934.2523	100.285
1935.2166	100.284
1936.1808	100.289
1937.1450	100.296
1938.1093	100.302
1939.0735	100.304
1940.0377	100.303
1941.0020	100.299
1941.9662	100.293
1942.9304	100.287
1943.8947	100.281
1944.8589	100.275
1945.8231	100.269
1946.7874	100.262
1947.7516	100.254
1948.7158	100.244
1949.6801	100.232
1950.6443	100.22
1951.6085	100.21
1952.5728	100.204
1953.5370	100.204
1954.5012	100.209
1955.4655	100.216
1956.4297	100.224
1957.3939	100.229
1958.3582	100.233
1959.3224	100.235
1960.2866	100.234
1961.2509	100.231
1962.2151	100.224
1963.1793	100.216
1964.1436	100.207
1965.1078	100.199
1966.0720	100.193
1967.0363	100.191
1968.0005	100.19
1968.9647	100.191
1969.9290	100.192
1970.8932	100.192
1971.8574	100.191
1972.8217	100.189
1973.7859	100.185
1974.7501	100.179
1975.7144	100.172
1976.6786	100.165
1977.6428	100.157
1978.6071	100.149
1979.5713	100.141
1980.5355	100.131
1981.4998	100.12
1982.4640	100.109
1983.4282	100.101
1984.3925	100.094
1985.3567	100.089
1986.3209	100.085
1987.2852	100.081
1988.2494	100.076
1989.2136	100.07
1990.1779	100.063
1991.1421	100.056
1992.1063	100.049
1993.0706	100.042
1994.0348	100.035
1994.9990	100.028
1995.9633	100.021
1996.9275	100.015
1997.8917	100.011
1998.8560	100.008
1999.8202	100.009
2000.7844	100.014
2001.7487	100.022
2002.7129	100.033
2003.6771	100.046
2004.6414	100.056
2005.6056	100.061
2006.5698	100.062
2007.5341	100.057
2008.4983	100.05
2009.4625	100.042
2010.4268	100.037
2011.3910	100.033
2012.3552	100.032
2013.3195	100.031
2014.2837	100.03
2015.2479	100.028
2016.2122	100.026
2017.1764	100.025
2018.1406	100.024
2019.1049	100.023
2020.0691	100.023
2021.0333	100.023
2021.9976	100.021
2022.9618	100.017
2023.9260	100.012
2024.8903	100.005
2025.8545	99.9981
2026.8187	99.9929
2027.7830	99.9903
2028.7472	99.9909
2029.7114	99.9941
2030.6757	99.9992
2031.6399	100.005
2032.6041	100.011
2033.5684	100.015
2034.5326	100.018
2035.4968	100.018
2036.4611	100.016
2037.4253	100.013
2038.3895	100.01
2039.3538	100.007
2040.3180	100.006
2041.2822	100.005
2042.2465	100.005
2043.2107	100.006
2044.1749	100.007
2045.1392	100.009
2046.1034	100.01
2047.0676	100.011
2048.0320	100.012
2048.9961	100.013
2049.9604	100.013
2050.9246	100.012
2051.8889	100.011
2052.8530	100.011
2053.8174	100.012
2054.7815	100.013
2055.7458	100.015
2056.7100	100.017
2057.6743	100.02
2058.6384	100.023
2059.6028	100.027
2060.5669	100.032
2061.5313	100.038
2062.4954	100.045
2063.4597	100.052
2064.4238	100.059
2065.3882	100.065
2066.3523	100.071
2067.3167	100.076
2068.2808	100.08
2069.2451	100.084
2070.2092	100.089
2071.1736	100.094
2072.1377	100.1
2073.1021	100.105
2074.0662	100.111
2075.0305	100.117
2075.9946	100.123
2076.9590	100.128
2077.9231	100.134
2078.8875	100.139
2079.8516	100.142
2080.8159	100.146
2081.7800	100.149
2082.7444	100.153
2083.7085	100.159
2084.6729	100.165
2085.6370	100.172
2086.6013	100.178
2087.5654	100.184
2088.5298	100.189
2089.4939	100.193
2090.4583	100.198
2091.4224	100.203
2092.3867	100.209
2093.3508	100.217
2094.3152	100.224
2095.2793	100.232
2096.2437	100.239
2097.2078	100.245
2098.1721	100.252
2099.1362	100.258
2100.1006	100.266
2101.0647	100.274
2102.0291	100.284
2102.9932	100.293
2103.9575	100.303
2104.9216	100.311
2105.8860	100.317
2106.8501	100.322
2107.8145	100.326
2108.7786	100.329
2109.7429	100.333
2110.7070	100.337
2111.6714	100.343
2112.6355	100.35
2113.5999	100.358
2114.5640	100.366
2115.5283	100.374
2116.4924	100.382
2117.4568	100.389
2118.4209	100.397
2119.3853	100.406
2120.3494	100.415
2121.3137	100.423
2122.2778	100.431
2123.2422	100.437
2124.2063	100.443
2125.1707	100.449
2126.1348	100.456
2127.0991	100.463
2128.0632	100.471
2129.0276	100.479
2129.9917	100.488
2130.9561	100.497
2131.9202	100.507
2132.8845	100.518
2133.8486	100.529
2134.8130	100.538
2135.7771	100.547
2136.7415	100.553
2137.7056	100.558
2138.6699	100.562
2139.6340	100.567
2140.5984	100.571
2141.5625	100.576
2142.5269	100.582
2143.4910	100.59
2144.4553	100.598
2145.4194	100.607
2146.3838	100.618
2147.3479	100.628
2148.3123	100.639
2149.2764	100.649
2150.2407	100.658
2151.2048	100.668
2152.1692	100.677
2153.1333	100.687
2154.0977	100.696
2155.0618	100.704
2156.0261	100.711
2156.9902	100.717
2157.9546	100.723
2158.9187	100.728
2159.8831	100.735
2160.8472	100.742
2161.8115	100.751
2162.7756	100.761
2163.7400	100.772
2164.7041	100.783
2165.6685	100.793
2166.6326	100.801
2167.5969	100.808
2168.5610	100.813
2169.5254	100.819
2170.4895	100.824
2171.4539	100.83
2172.4180	100.836
2173.3823	100.842
2174.3464	100.849
2175.3108	100.856
2176.2749	100.863
2177.2393	100.869
2178.2034	100.876
2179.1677	100.883
2180.1318	100.89
2181.0962	100.898
2182.0603	100.906
2183.0247	100.915
2183.9888	100.924
2184.9531	100.933
2185.9172	100.941
2186.8816	100.948
2187.8457	100.955
2188.8101	100.961
2189.7742	100.966
2190.7385	100.972
2191.7026	100.977
2192.6670	100.983
2193.6311	100.989
2194.5955	100.997
2195.5596	101.004
2196.5239	101.012
2197.4880	101.019
2198.4524	101.027
2199.4165	101.034
2200.3809	101.041
2201.3450	101.048
2202.3093	101.056
2203.2734	101.063
2204.2378	101.071
2205.2019	101.078
2206.1663	101.085
2207.1304	101.092
2208.0947	101.1
2209.0588	101.107
2210.0232	101.114
2210.9873	101.121
2211.9517	101.128
2212.9158	101.137
2213.8801	101.147
2214.8442	101.158
2215.8086	101.17
2216.7727	101.181
2217.7371	101.191
2218.7012	101.2
2219.6655	101.208
2220.6296	101.216
2221.5940	101.223
2222.5581	101.229
2223.5225	101.234
2224.4866	101.239
2225.4509	101.243
2226.4150	101.247
2227.3794	101.253
2228.3435	101.259
2229.3079	101.267
2230.2720	101.275
2231.2363	101.283
2232.2004	101.289
2233.1648	101.295
2234.1289	101.299
2235.0933	101.302
2236.0574	101.303
2237.0217	101.303
2237.9858	101.302
2238.9502	101.299
2239.9143	101.296
2240.8787	101.293
2241.8428	101.29
2242.8071	101.298
2243.7712	101.306
2244.7356	101.314
2245.6997	101.322
2246.6641	101.33
2247.6282	101.338
2248.5925	101.346
2249.5566	101.354
2250.5210	101.362
2251.4851	101.37
2252.4495	101.378
2253.4136	101.386
2254.3779	101.394
2255.3420	101.402
2256.3064	101.409
2257.2705	101.417
2258.2349	101.425
2259.1990	101.433
2260.1633	101.441
2261.1274	101.449
2262.0918	101.457
2263.0559	101.465
2264.0203	101.473
2264.9844	101.481
2265.9487	101.489
2266.9128	101.497
2267.8772	101.505
2268.8413	101.513
2269.8057	101.521
2270.7698	101.529
2271.7341	101.537
2272.6982	101.545
2273.6626	101.553
2274.6267	101.561
2275.5911	101.569
2276.5552	101.577
2277.5195	101.584
2278.4836	101.592
2279.4480	101.6
2280.4121	101.608
2281.3765	101.616
2282.3406	101.624
2283.3049	101.632
2284.2690	101.64
2285.2334	101.648
2286.1975	101.656
2287.1619	101.664
2288.1260	101.672
2289.0903	101.68
2290.0544	101.688
2291.0188	101.696
2291.9829	101.704
2292.9473	101.712
2293.9114	101.72
2294.8757	101.728
2295.8398	101.736
2296.8042	101.744
2297.7683	101.752
2298.7327	101.76
2299.6968	101.767
2300.6611	101.775
2301.6252	101.783
2302.5896	101.791
2303.5537	101.799
2304.5181	101.807
2305.4822	101.815
2306.4465	101.823
2307.4106	101.831
2308.3750	101.839
2309.3391	101.847
2310.3035	101.855
2311.2676	101.863
2312.2319	101.871
2313.1960	101.879
2314.1604	101.887
2315.1245	101.895
2316.0889	101.903
2317.0530	101.911
2318.0173	101.919
2318.9814	101.927
2319.9458	101.935
2320.9099	101.943
2321.8743	101.95
2322.8384	101.958
2323.8027	101.966
2324.7668	101.974
2325.7312	101.982
2326.6953	101.99
2327.6597	101.998
2328.6238	102.006
2329.5881	102.014
2330.5522	102.022
2331.5166	102.03
2332.4807	102.038
2333.4451	102.046
2334.4092	102.054
2335.3735	102.062
2336.3376	102.07
2337.3020	102.078
2338.2661	102.086
2339.2305	102.094
2340.1946	102.102
2341.1589	102.11
2342.1230	102.118
2343.0874	102.126
2344.0515	102.133
2345.0159	102.141
2345.9800	102.149
2346.9443	102.157
2347.9084	102.165
2348.8728	102.173
2349.8369	102.181
2350.8013	102.189
2351.7654	102.197
2352.7297	102.205
2353.6938	102.213
2354.6582	102.221
2355.6223	102.229
2356.5867	102.237
2357.5508	102.245
2358.5151	102.253
2359.4792	102.261
2360.4436	102.269
2361.4077	102.277
2362.3721	102.285
2363.3362	102.293
2364.3005	102.301
2365.2646	102.309
2366.2290	102.316
2367.1931	102.324
2368.1575	102.332
2369.1216	102.34
2370.0859	102.348
2371.0500	102.356
2372.0144	102.364
2372.9785	102.372
2373.9429	102.38
2374.9070	102.388
2375.8713	102.396
2376.8354	102.404
2377.7998	102.412
2378.7639	102.42
2379.7283	102.428
2380.6924	102.436
2381.6567	102.444
2382.6208	102.452
2383.5852	102.46
2384.5493	102.468
2385.5137	102.476
2386.4778	102.484
2387.4421	102.492
2388.4063	102.499
2389.3706	102.507
2390.3347	102.515
2391.2991	102.523
2392.2632	102.531
2393.2275	102.539
2394.1917	102.547
2395.1560	102.555
2396.1201	102.563
2397.0845	102.571
2398.0486	102.579
2399.0129	102.587
2399.9771	102.595
2400.9414	102.603
2401.9055	102.611
2402.8699	102.619
2403.8340	102.627
2404.7983	102.635
2405.7625	102.643
2406.7268	102.651
2407.6909	102.659
2408.6553	102.667
2409.6194	102.674
2410.5837	102.682
2411.5479	102.69
2412.5122	102.698
2413.4763	102.706
2414.4407	102.714
2415.4048	102.722
2416.3691	102.73
2417.3333	102.738
2418.2976	102.746
2419.2617	102.754
2420.2261	102.762
2421.1902	102.77
2422.1545	102.778
2423.1187	102.786
2424.0830	102.794
2425.0471	102.802
2426.0115	102.81
2426.9756	102.818
2427.9399	102.826
2428.9041	102.834
2429.8684	102.843
2430.8325	102.85
2431.7969	102.855
2432.7610	102.859
2433.7253	102.862
2434.6895	102.866
2435.6538	102.869
2436.6179	102.874
2437.5823	102.88
2438.5464	102.885
2439.5107	102.889
2440.4749	102.892
2441.4392	102.894
2442.4033	102.898
2443.3677	102.905
2444.3318	102.917
2445.2961	102.933
2446.2603	102.949
2447.2246	102.961
2448.1887	102.967
2449.1531	102.967
2450.1172	102.964
2451.0815	102.96
2452.0457	102.96
2453.0100	102.964
2453.9741	102.972
2454.9385	102.984
2455.9026	102.997
2456.8669	103.013
2457.8311	103.029
2458.7954	103.044
2459.7595	103.058
2460.7239	103.068
2461.6880	103.074
2462.6523	103.076
2463.6165	103.077
2464.5808	103.078
2465.5449	103.082
2466.5093	103.087
2467.4734	103.094
2468.4377	103.101
2469.4019	103.109
2470.3662	103.116
2471.3303	103.123
2472.2947	103.13
2473.2588	103.135
2474.2231	103.14
2475.1873	103.144
2476.1516	103.147
2477.1157	103.148
2478.0801	103.149
2479.0442	103.149
2480.0085	103.149
2480.9727	103.147
2481.9370	103.144
2482.9011	103.142
2483.8655	103.141
2484.8296	103.142
2485.7939	103.146
2486.7581	103.153
2487.7224	103.16
2488.6865	103.168
2489.6509	103.176
2490.6150	103.183
2491.5793	103.187
2492.5435	103.186
2493.5078	103.18
2494.4719	103.169
2495.4363	103.161
2496.4004	103.162
2497.3647	103.175
2498.3289	103.201
2499.2932	103.233
2500.2573	103.264
2501.2217	103.287
2502.1858	103.298
2503.1501	103.299
2504.1143	103.295
2505.0786	103.29
2506.0427	103.286
2507.0071	103.285
2507.9712	103.284
2508.9355	103.284
2509.8997	103.285
2510.8640	103.286
2511.8281	103.288
2512.7925	103.29
2513.7566	103.291
2514.7209	103.291
2515.6851	103.294
2516.6494	103.302
2517.6135	103.314
2518.5779	103.328
2519.5420	103.34
2520.5063	103.342
2521.4705	103.331
2522.4348	103.308
2523.3989	103.279
2524.3633	103.253
2525.3274	103.239
2526.2917	103.238
2527.2559	103.249
2528.2202	103.266
2529.1843	103.284
2530.1487	103.3
2531.1128	103.313
2532.0771	103.321
2533.0413	103.326
2534.0056	103.328
2534.9697	103.329
2535.9341	103.329
2536.8982	103.331
2537.8625	103.334
2538.8267	103.339
2539.7910	103.346
2540.7551	103.354
2541.7195	103.365
2542.6836	103.375
2543.6479	103.386
2544.6121	103.395
2545.5764	103.404
2546.5405	103.41
2547.5049	103.416
2548.4690	103.42
2549.4333	103.422
2550.3975	103.423
2551.3618	103.422
2552.3259	103.421
2553.2903	103.421
2554.2544	103.422
2555.2188	103.425
2556.1829	103.43
2557.1472	103.436
2558.1113	103.442
2559.0757	103.447
2560.0398	103.45
2561.0042	103.451
2561.9683	103.45
2562.9326	103.448
2563.8967	103.444
2564.8611	103.44
2565.8252	103.436
2566.7896	103.431
2567.7537	103.428
2568.7180	103.426
2569.6821	103.426
2570.6465	103.426
2571.6106	103.427
2572.5750	103.427
2573.5391	103.426
2574.5034	103.425
2575.4675	103.423
2576.4319	103.421
2577.3960	103.419
2578.3604	103.417
2579.3245	103.417
2580.2888	103.418
2581.2529	103.421
2582.2173	103.424
2583.1814	103.427
2584.1458	103.429
2585.1099	103.428
2586.0742	103.425
2587.0383	103.423
2588.0027	103.421
2588.9668	103.422
2589.9312	103.425
2590.8953	103.43
2591.8596	103.435
2592.8237	103.44
2593.7881	103.444
2594.7522	103.447
2595.7166	103.45
2596.6807	103.454
2597.6450	103.459
2598.6091	103.465
2599.5735	103.471
2600.5376	103.476
2601.5020	103.481
2602.4661	103.485
2603.4304	103.489
2604.3945	103.491
2605.3589	103.492
2606.3230	103.493
2607.2874	103.495
2608.2515	103.498
2609.2158	103.503
2610.1799	103.51
2611.1443	103.517
2612.1084	103.524
2613.0728	103.528
2614.0369	103.53
2615.0012	103.53
2615.9653	103.53
2616.9297	103.531
2617.8938	103.532
2618.8582	103.534
2619.8223	103.537
2620.7866	103.54
2621.7507	103.543
2622.7151	103.546
2623.6792	103.547
2624.6436	103.545
2625.6077	103.542
2626.5720	103.538
2627.5361	103.533
2628.5005	103.528
2629.4646	103.525
2630.4290	103.522
2631.3931	103.521
2632.3574	103.521
2633.3215	103.52
2634.2859	103.519
2635.2500	103.517
2636.2144	103.516
2637.1785	103.516
2638.1428	103.517
2639.1069	103.52
2640.0713	103.523
2641.0354	103.527
2641.9998	103.531
2642.9639	103.534
2643.9282	103.536
2644.8923	103.537
2645.8567	103.537
2646.8208	103.537
2647.7852	103.538
2648.7493	103.54
2649.7136	103.544
2650.6777	103.55
2651.6421	103.556
2652.6062	103.561
2653.5706	103.565
2654.5347	103.569
2655.4990	103.572
2656.4631	103.576
2657.4275	103.58
2658.3916	103.585
2659.3560	103.588
2660.3201	103.589
2661.2844	103.588
2662.2485	103.586
2663.2129	103.582
2664.1770	103.577
2665.1414	103.573
2666.1055	103.569
2667.0698	103.565
2668.0339	103.561
2668.9983	103.558
2669.9624	103.556
2670.9268	103.555
2671.8909	103.555
2672.8552	103.555
2673.8193	103.553
2674.7837	103.55
2675.7478	103.546
2676.7122	103.541
2677.6763	103.536
2678.6406	103.532
2679.6047	103.529
2680.5691	103.528
2681.5332	103.528
2682.4976	103.529
2683.4617	103.531
2684.4260	103.532
2685.3901	103.534
2686.3545	103.535
2687.3186	103.536
2688.2830	103.537
2689.2471	103.537
2690.2114	103.538
2691.1755	103.539
2692.1399	103.54
2693.1040	103.541
2694.0684	103.54
2695.0325	103.538
2695.9968	103.534
2696.9609	103.529
2697.9253	103.524
2698.8894	103.52
2699.8538	103.517
2700.8179	103.515
2701.7822	103.513
2702.7463	103.511
2703.7107	103.508
2704.6748	103.504
2705.6392	103.499
2706.6033	103.493
2707.5676	103.486
2708.5317	103.48
2709.4961	103.473
2710.4602	103.465
2711.4246	103.458
2712.3887	103.451
2713.3530	103.445
2714.3171	103.44
2715.2815	103.438
2716.2456	103.437
2717.2100	103.437
2718.1741	103.436
2719.1384	103.434
2720.1025	103.431
2721.0669	103.428
2722.0310	103.427
2722.9954	103.427
2723.9595	103.429
2724.9238	103.43
2725.8879	103.431
2726.8523	103.431
2727.8164	103.429
2728.7808	103.426
2729.7449	103.423
2730.7092	103.421
2731.6733	103.421
2732.6377	103.421
2733.6018	103.422
2734.5662	103.425
2735.5303	103.427
2736.4946	103.428
2737.4587	103.427
2738.4231	103.424
2739.3872	103.42
2740.3516	103.414
2741.3157	103.409
2742.2800	103.406
2743.2441	103.406
2744.2085	103.408
2745.1726	103.41
2746.1370	103.41
2747.1011	103.409
2748.0654	103.405
2749.0295	103.399
2749.9939	103.394
2750.9580	103.389
2751.9224	103.386
2752.8865	103.383
2753.8508	103.381
2754.8149	103.377
2755.7793	103.374
2756.7434	103.37
2757.7078	103.366
2758.6719	103.364
2759.6362	103.364
2760.6003	103.364
2761.5647	103.366
2762.5288	103.368
2763.4932	103.369
2764.4573	103.37
2765.4216	103.37
2766.3857	103.368
2767.3501	103.366
2768.3142	103.363
2769.2786	103.359
2770.2427	103.356
2771.2070	103.353
2772.1711	103.352
2773.1355	103.353
2774.0996	103.354
2775.0640	103.354
2776.0281	103.354
2776.9924	103.352
2777.9565	103.348
2778.9209	103.343
2779.8850	103.337
2780.8494	103.332
2781.8135	103.326
2782.7778	103.32
2783.7419	103.314
2784.7063	103.308
2785.6704	103.302
2786.6348	103.295
2787.5989	103.289
2788.5632	103.282
2789.5273	103.275
2790.4917	103.267
2791.4558	103.259
2792.4202	103.251
2793.3843	103.244
2794.3486	103.237
2795.3127	103.229
2796.2771	103.221
2797.2412	103.21
2798.2056	103.198
2799.1697	103.186
2800.1340	103.174
2801.0981	103.164
2802.0625	103.156
2803.0266	103.151
2803.9910	103.146
2804.9551	103.139
2805.9194	103.131
2806.8835	103.121
2807.8479	103.109
2808.8120	103.095
2809.7764	103.081
2810.7405	103.065
2811.7048	103.049
2812.6689	103.032
2813.6333	103.016
2814.5974	103.001
2815.5618	102.987
2816.5259	102.974
2817.4902	102.961
2818.4543	102.946
2819.4187	102.931
2820.3828	102.915
2821.3472	102.901
2822.3113	102.888
2823.2756	102.875
2824.2397	102.862
2825.2041	102.847
2826.1682	102.831
2827.1326	102.814
2828.0967	102.798
2829.0610	102.784
2830.0251	102.772
2830.9895	102.761
2831.9536	102.752
2832.9180	102.742
2833.8821	102.732
2834.8464	102.721
2835.8105	102.71
2836.7749	102.698
2837.7390	102.685
2838.7034	102.67
2839.6675	102.652
2840.6318	102.633
2841.5959	102.613
2842.5603	102.593
2843.5244	102.572
2844.4888	102.55
2845.4529	102.525
2846.4172	102.497
2847.3813	102.466
2848.3457	102.434
2849.3098	102.403
2850.2742	102.373
2851.2383	102.346
2852.2026	102.32
2853.1667	102.293
2854.1311	102.266
2855.0952	102.237
2856.0596	102.207
2857.0237	102.175
2857.9880	102.144
2858.9521	102.114
2859.9165	102.084
2860.8806	102.056
2861.8450	102.028
2862.8091	102.001
2863.7734	101.974
2864.7375	101.949
2865.7019	101.924
2866.6660	101.9
2867.6304	101.878
2868.5945	101.859
2869.5588	101.843
2870.5229	101.832
2871.4873	101.824
2872.4514	101.819
2873.4158	101.813
2874.3799	101.806
2875.3442	101.795
2876.3083	101.784
2877.2727	101.772
2878.2368	101.762
2879.2012	101.755
2880.1653	101.751
2881.1296	101.748
2882.0938	101.745
2883.0581	101.741
2884.0222	101.738
2884.9866	101.735
2885.9507	101.735
2886.9150	101.739
2887.8792	101.746
2888.8435	101.755
2889.8076	101.765
2890.7720	101.775
2891.7361	101.785
2892.7004	101.792
2893.6646	101.799
2894.6289	101.805
2895.5930	101.809
2896.5574	101.814
2897.5215	101.82
2898.4858	101.827
2899.4500	101.834
2900.4143	101.842
2901.3784	101.85
2902.3428	101.857
2903.3069	101.863
2904.2712	101.868
2905.2354	101.874
2906.1997	101.88
2907.1638	101.887
2908.1282	101.895
2909.0923	101.902
2910.0566	101.906
2911.0208	101.905
2911.9851	101.899
2912.9492	101.89
2913.9136	101.88
2914.8777	101.872
2915.8420	101.865
2916.8062	101.86
2917.7705	101.856
2918.7346	101.85
2919.6990	101.842
2920.6631	101.831
2921.6274	101.818
2922.5916	101.805
2923.5559	101.792
2924.5200	101.779
2925.4844	101.766
2926.4485	101.753
2927.4128	101.741
2928.3770	101.73
2929.3413	101.72
2930.3054	101.71
2931.2698	101.702
2932.2339	101.696
2933.1982	101.691
2934.1624	101.689
2935.1267	101.69
2936.0908	101.692
2937.0552	101.697
2938.0193	101.702
2938.9836	101.708
2939.9478	101.713
2940.9121	101.718
2941.8762	101.725
2942.8406	101.735
2943.8047	101.749
2944.7690	101.766
2945.7332	101.784
2946.6975	101.8
2947.6616	101.812
2948.6260	101.817
2949.5901	101.817
2950.5544	101.812
2951.5186	101.807
2952.4829	101.804
2953.4470	101.803
2954.4114	101.804
2955.3755	101.803
2956.3398	101.798
2957.3040	101.789
2958.2683	101.777
2959.2324	101.764
2960.1968	101.753
2961.1609	101.744
2962.1252	101.738
2963.0894	101.734
2964.0537	101.732
2965.0178	101.731
2965.9822	101.73
2966.9463	101.73
2967.9106	101.731
2968.8748	101.733
2969.8391	101.738
2970.8032	101.746
2971.7676	101.759
2972.7317	101.775
2973.6960	101.795
2974.6602	101.817
2975.6245	101.838
2976.5886	101.858
2977.5530	101.876
2978.5171	101.894
2979.4814	101.912
2980.4456	101.931
2981.4099	101.951
2982.3740	101.971
2983.3384	101.991
2984.3025	102.01
2985.2668	102.029
2986.2310	102.047
2987.1953	102.064
2988.1594	102.078
2989.1238	102.09
2990.0879	102.097
2991.0522	102.099
2992.0164	102.098
2992.9807	102.096
2993.9448	102.094
2994.9092	102.093
2995.8733	102.093
2996.8376	102.093
2997.8018	102.091
2998.7661	102.088
2999.7302	102.083
3000.6946	102.075
3001.6587	102.066
3002.6230	102.055
3003.5872	102.045
3004.5515	102.036
3005.5156	102.029
3006.4800	102.026
3007.4441	102.025
3008.4084	102.025
3009.3726	102.024
3010.3369	102.02
3011.3010	102.014
3012.2654	102.007
3013.2295	102.001
3014.1938	101.999
3015.1580	101.999
3016.1223	102.001
3017.0864	102.001
3018.0508	101.998
3019.0149	101.99
3019.9792	101.981
3020.9434	101.974
3021.9077	101.972
3022.8718	101.977
3023.8362	101.986
3024.8003	101.997
3025.7646	102.007
3026.7288	102.014
3027.6931	102.017
3028.6572	102.017
3029.6216	102.014
3030.5857	102.009
3031.5500	102.002
3032.5142	101.994
3033.4785	101.985
3034.4426	101.976
3035.4070	101.968
3036.3711	101.961
3037.3354	101.956
3038.2996	101.951
3039.2639	101.946
3040.2280	101.94
3041.1924	101.933
3042.1565	101.926
3043.1208	101.92
3044.0850	101.913
3045.0493	101.904
3046.0134	101.891
3046.9778	101.875
3047.9419	101.855
3048.9063	101.835
3049.8704	101.814
3050.8347	101.795
3051.7988	101.776
3052.7632	101.757
3053.7273	101.736
3054.6917	101.714
3055.6558	101.693
3056.6201	101.672
3057.5842	101.653
3058.5486	101.634
3059.5127	101.616
3060.4771	101.596
3061.4412	101.575
3062.4055	101.552
3063.3696	101.528
3064.3340	101.503
3065.2981	101.477
3066.2625	101.451
3067.2266	101.423
3068.1909	101.395
3069.1550	101.365
3070.1194	101.333
3071.0835	101.301
3072.0479	101.268
3073.0120	101.235
3073.9763	101.203
3074.9404	101.173
3075.9048	101.145
3076.8689	101.12
3077.8333	101.097
3078.7974	101.075
3079.7617	101.052
3080.7258	101.027
3081.6902	101
3082.6543	100.97
3083.6187	100.937
3084.5828	100.903
3085.5471	100.867
3086.5112	100.831
3087.4756	100.795
3088.4397	100.759
3089.4041	100.725
3090.3682	100.692
3091.3325	100.661
3092.2966	100.632
3093.2610	100.608
3094.2251	100.587
3095.1895	100.57
3096.1536	100.557
3097.1179	100.546
3098.0820	100.537
3099.0464	100.53
3100.0105	100.523
3100.9749	100.517
3101.9390	100.51
3102.9033	100.503
3103.8674	100.496
3104.8318	100.487
3105.7959	100.479
3106.7603	100.473
3107.7244	100.469
3108.6887	100.469
3109.6528	100.473
3110.6172	100.48
3111.5813	100.489
3112.5457	100.5
3113.5098	100.514
3114.4741	100.531
3115.4382	100.553
3116.4026	100.578
3117.3667	100.605
3118.3311	100.632
3119.2952	100.656
3120.2595	100.677
3121.2236	100.695
3122.1880	100.711
3123.1521	100.728
3124.1165	100.747
3125.0806	100.767
3126.0449	100.789
3127.0090	100.81
3127.9734	100.832
3128.9375	100.852
3129.9019	100.872
3130.8660	100.892
3131.8303	100.912
3132.7944	100.933
3133.7588	100.955
3134.7229	100.978
3135.6873	101.001
3136.6514	101.022
3137.6157	101.04
3138.5798	101.055
3139.5442	101.066
3140.5083	101.074
3141.4727	101.08
3142.4368	101.084
3143.4011	101.087
3144.3652	101.091
3145.3296	101.095
3146.2937	101.098
3147.2581	101.102
3148.2222	101.105
3149.1865	101.107
3150.1506	101.107
3151.1150	101.107
3152.0791	101.106
3153.0435	101.104
3154.0076	101.099
3154.9719	101.092
3155.9360	101.081
3156.9004	101.065
3157.8645	101.045
3158.8289	101.023
3159.7930	101.001
3160.7573	100.982
3161.7214	100.966
3162.6858	100.953
3163.6499	100.94
3164.6143	100.925
3165.5784	100.907
3166.5427	100.885
3167.5068	100.861
3168.4712	100.836
3169.4353	100.81
3170.3997	100.783
3171.3638	100.754
3172.3281	100.723
3173.2922	100.692
3174.2566	100.662
3175.2207	100.634
3176.1851	100.609
3177.1492	100.586
3178.1135	100.566
3179.0776	100.546
3180.0420	100.527
3181.0061	100.51
3181.9705	100.493
3182.9346	100.474
3183.8989	100.45
3184.8630	100.419
3185.8274	100.381
3186.7915	100.338
3187.7559	100.293
3188.7200	100.251
3189.6843	100.215
3190.6484	100.184
3191.6128	100.158
3192.5769	100.133
3193.5413	100.108
3194.5054	100.08
3195.4697	100.05
3196.4338	100.018
3197.3982	99.9838
3198.3623	99.9481
3199.3267	99.9093
3200.2908	99.8663
3201.2551	99.8186
3202.2192	99.7665
3203.1836	99.7116
3204.1477	99.6559
3205.1121	99.6014
3206.0762	99.5498
3207.0405	99.5023
3208.0046	99.4597
3208.9690	99.4224
3209.9331	99.3897
3210.8975	99.3596
3211.8616	99.3292
3212.8259	99.2955
3213.7900	99.2567
3214.7544	99.2129
3215.7185	99.1659
3216.6829	99.1185
3217.6470	99.0727
3218.6113	99.0294
3219.5754	98.9877
3220.5398	98.9459
3221.5039	98.9027
3222.4683	98.8582
3223.4324	98.8137
3224.3967	98.7714
3225.3608	98.733
3226.3252	98.6989
3227.2893	98.6679
3228.2537	98.6378
3229.2178	98.6064
3230.1821	98.5721
3231.1462	98.5345
3232.1106	98.4936
3233.0747	98.4497
3234.0391	98.4031
3235.0032	98.3538
3235.9675	98.3024
3236.9316	98.2493
3237.8960	98.1953
3238.8601	98.1408
3239.8245	98.0861
3240.7886	98.0311
3241.7529	97.9762
3242.7170	97.9223
3243.6814	97.8703
3244.6455	97.8214
3245.6099	97.7763
3246.5740	97.7351
3247.5383	97.6974
3248.5024	97.6621
3249.4668	97.6276
3250.4309	97.5925
3251.3953	97.5556
3252.3594	97.5165
3253.3237	97.4759
3254.2878	97.4351
3255.2522	97.3957
3256.2163	97.3593
3257.1807	97.3272
3258.1448	97.3004
3259.1091	97.2797
3260.0732	97.2652
3261.0376	97.2566
3262.0017	97.2526
3262.9661	97.2515
3263.9302	97.2518
3264.8945	97.2527
3265.8586	97.2544
3266.8230	97.2576
3267.7871	97.263
3268.7515	97.2709
3269.7156	97.2808
3270.6799	97.2925
3271.6440	97.306
3272.6084	97.3219
3273.5725	97.3408
3274.5369	97.363
3275.5010	97.388
3276.4653	97.4145
3277.4294	97.4415
3278.3938	97.4682
3279.3579	97.4945
3280.3223	97.5208
3281.2864	97.5476
3282.2507	97.5751
3283.2148	97.6032
3284.1792	97.6317
3285.1433	97.6605
3286.1077	97.6898
3287.0718	97.7198
3288.0361	97.7504
3289.0002	97.7812
3289.9646	97.8117
3290.9287	97.8419
3291.8931	97.8722
3292.8572	97.9032
3293.8215	97.9348
3294.7856	97.9659
3295.7500	97.9941
3296.7141	98.0172
3297.6785	98.034
3298.6426	98.0455
3299.6069	98.0544
3300.5710	98.0639
3301.5354	98.0765
3302.4995	98.0931
3303.4639	98.1126
3304.4280	98.1331
3305.3923	98.1527
3306.3564	98.17
3307.3208	98.1848
3308.2849	98.1977
3309.2493	98.2102
3310.2134	98.2231
3311.1777	98.2372
3312.1418	98.252
3313.1062	98.2665
3314.0703	98.2801
3315.0347	98.2927
3315.9988	98.3049
3316.9631	98.3179
3317.9272	98.3325
3318.8916	98.3487
3319.8557	98.3656
3320.8201	98.3825
3321.7842	98.3988
3322.7485	98.4145
3323.7126	98.4298
3324.6770	98.4448
3325.6411	98.4591
3326.6055	98.4718
3327.5696	98.4827
3328.5339	98.4921
3329.4980	98.501
3330.4624	98.5103
3331.4265	98.5205
3332.3909	98.531
3333.3550	98.5406
3334.3193	98.5481
3335.2834	98.5533
3336.2478	98.557
3337.2119	98.5603
3338.1763	98.5634
3339.1404	98.5651
3340.1047	98.5631
3341.0688	98.5552
3342.0332	98.5411
3342.9973	98.5223
3343.9617	98.5024
3344.9258	98.4849
3345.8901	98.472
3346.8542	98.4641
3347.8186	98.4602
3348.7827	98.4584
3349.7471	98.4568
3350.7112	98.4541
3351.6755	98.4496
3352.6396	98.4428
3353.6040	98.4341
3354.5681	98.4241
3355.5325	98.4136
3356.4966	98.4033
3357.4609	98.3929
3358.4250	98.3814
3359.3894	98.3677
3360.3535	98.3511
3361.3179	98.3323
3362.2820	98.3132
3363.2463	98.2964
3364.2104	98.2838
3365.1748	98.276
3366.1389	98.2724
3367.1033	98.2714
3368.0674	98.2711
3369.0317	98.2703
3369.9958	98.2679
3370.9602	98.2632
3371.9243	98.2557
3372.8887	98.2458
3373.8528	98.2348
3374.8171	98.2251
3375.7813	98.2185
3376.7456	98.2157
3377.7097	98.2156
3378.6741	98.2158
3379.6382	98.2136
3380.6025	98.2078
3381.5667	98.1987
3382.5310	98.1876
3383.4951	98.1762
3384.4595	98.1652
3385.4236	98.1549
3386.3879	98.1451
3387.3521	98.1353
3388.3164	98.1256
3389.2805	98.1157
3390.2449	98.1055
3391.2090	98.0943
3392.1733	98.0821
3393.1375	98.0688
3394.1018	98.0553
3395.0659	98.0429
3396.0303	98.0331
3396.9944	98.0264
3397.9587	98.0223
3398.9229	98.019
3399.8872	98.0139
3400.8513	98.0053
3401.8157	97.9927
3402.7798	97.9773
3403.7441	97.9606
3404.7083	97.9439
3405.6726	97.9273
3406.6367	97.9102
3407.6011	97.8918
3408.5652	97.8718
3409.5295	97.8505
3410.4937	97.8283
3411.4580	97.8054
3412.4221	97.7811
3413.3865	97.7549
3414.3506	97.7267
3415.3149	97.6969
3416.2791	97.6666
3417.2434	97.6367
3418.2075	97.6076
3419.1719	97.5793
3420.1360	97.5512
3421.1003	97.5232
3422.0645	97.4955
3423.0288	97.4689
3423.9929	97.4442
3424.9573	97.4215
3425.9214	97.3999
3426.8857	97.378
3427.8499	97.3548
3428.8142	97.3306
3429.7783	97.3069
3430.7427	97.2851
3431.7068	97.2648
3432.6711	97.2437
3433.6353	97.2189
3434.5996	97.1895
3435.5637	97.1579
3436.5281	97.1295
3437.4922	97.1104
3438.4565	97.1043
3439.4207	97.1111
3440.3850	97.1276
3441.3491	97.1492
3442.3135	97.1713
3443.2776	97.1906
3444.2419	97.205
3445.2061	97.2131
3446.1704	97.2145
3447.1345	97.2102
3448.0989	97.2028
3449.0630	97.1958
3450.0273	97.192
3450.9915	97.1931
3451.9558	97.1982
3452.9199	97.2058
3453.8843	97.215
3454.8484	97.2269
3455.8127	97.2449
3456.7769	97.2724
3457.7412	97.3106
3458.7053	97.356
3459.6697	97.401
3460.6338	97.4366
3461.5981	97.4565
3462.5623	97.4605
3463.5266	97.4539
3464.4907	97.4446
3465.4551	97.4393
3466.4192	97.4406
3467.3835	97.4476
3468.3477	97.4571
3469.3120	97.467
3470.2761	97.4764
3471.2405	97.4862
3472.2046	97.4969
3473.1689	97.5084
3474.1331	97.5203
3475.0974	97.5329
3476.0615	97.547
3477.0259	97.564
3477.9900	97.5841
3478.9543	97.606
3479.9185	97.6268
3480.8828	97.6438
3481.8469	97.6564
3482.8113	97.6679
3483.7754	97.6844
3484.7397	97.7123
3485.7039	97.754
3486.6682	97.8052
3487.6323	97.8562
3488.5967	97.8959
3489.5608	97.918
3490.5251	97.9246
3491.4893	97.9253
3492.4536	97.932
3493.4177	97.9524
3494.3821	97.9865
3495.3462	98.0281
3496.3105	98.0701
3497.2747	98.1087
3498.2390	98.1453
3499.2031	98.1841
3500.1675	98.2284
3501.1316	98.2781
3502.0959	98.3297
3503.0601	98.3792
3504.0244	98.4252
3504.9885	98.4693
3505.9529	98.5144
3506.9170	98.5619
3507.8813	98.6092
3508.8455	98.651
3509.8098	98.683
3510.7739	98.7048
3511.7383	98.7219
3512.7026	98.7419
3513.6667	98.7708
3514.6311	98.8086
3515.5952	98.8499
3516.5596	98.8886
3517.5237	98.9217
3518.4880	98.951
3519.4521	98.9804
3520.4165	99.0117
3521.3806	99.0422
3522.3450	99.0651
3523.3091	99.0742
3524.2734	99.0686
3525.2375	99.0547
3526.2019	99.0441
3527.1660	99.0482
3528.1304	99.0725
3529.0945	99.1134
3530.0588	99.1589
3531.0229	99.1941
3531.9873	99.2084
3532.9514	99.2011
3533.9158	99.1822
3534.8799	99.1672
3535.8442	99.1676
3536.8083	99.185
3537.7727	99.2114
3538.7368	99.2345
3539.7012	99.2458
3540.6653	99.2445
3541.6296	99.2375
3542.5938	99.2346
3543.5581	99.2426
3544.5222	99.2631
3545.4866	99.2943
3546.4507	99.3346
3547.4150	99.3854
3548.3792	99.4498
3549.3435	99.5273
3550.3076	99.6085
3551.2720	99.6734
3552.2361	99.6967
3553.2004	99.6588
3554.1646	99.5592
3555.1289	99.4244
3556.0930	99.2977
3557.0574	99.2157
3558.0215	99.1895
3558.9858	99.204
3559.9500	99.2327
3560.9143	99.2538
3561.8784	99.2596
3562.8428	99.2556
3563.8069	99.2519
3564.7712	99.2535
3565.7354	99.2574
3566.6997	99.2579
3567.6638	99.2551
3568.6282	99.2578
3569.5923	99.2778
3570.5566	99.318
3571.5208	99.3637
3572.4851	99.3849
3573.4492	99.3497
3574.4136	99.247
3575.3777	99.1021
3576.3420	98.9704
3577.3062	98.9091
3578.2705	98.9433
3579.2346	99.0518
3580.1990	99.1798
3581.1631	99.271
3582.1274	99.2971
3583.0916	99.2659
3584.0559	99.2076
3585.0200	99.1538
3585.9844	99.1213
3586.9485	99.1099
3587.9128	99.1118
3588.8770	99.1215
3589.8413	99.1392
3590.8054	99.1636
3591.7698	99.185
3592.7339	99.1849
3593.6982	99.1449
3594.6624	99.0607
3595.6267	98.9504
3596.5908	98.8508
3597.5552	98.8
3598.5193	98.8161
3599.4836	98.8854
3600.4478	98.9713
3601.4121	99.038
3602.3762	99.0699
3603.3406	99.0713
3604.3047	99.0538
3605.2690	99.024
3606.2332	98.9796
3607.1975	98.9177
3608.1616	98.8468
3609.1260	98.7904
3610.0901	98.7773
3611.0544	98.8252
3612.0186	98.9283
3612.9829	99.0523
3613.9470	99.1419
3614.9114	99.1422
3615.8755	99.0289
3616.8398	98.831
3617.8040	98.6187
3618.7683	98.4575
3619.7324	98.3729
3620.6968	98.3497
3621.6609	98.3547
3622.6252	98.3593
3623.5894	98.3508
3624.5537	98.3294
3625.5178	98.3002
3626.4822	98.2688
3627.4463	98.2436
3628.4106	98.2403
3629.3748	98.2824
3630.3391	98.3908
3631.3032	98.5668
3632.2676	98.78
3633.2317	98.9713
3634.1960	99.0718
3635.1602	99.0272
3636.1245	98.8272
3637.0886	98.5294
3638.0530	98.2471
3639.0171	98.0938
3639.9814	98.1215
3640.9456	98.2964
3641.9099	98.523
3642.8740	98.7028
3643.8384	98.785
3644.8025	98.7781
3645.7668	98.7285
3646.7310	98.6853
3647.6953	98.6746
3648.6594	98.6968
3649.6238	98.7403
3650.5879	98.7978
3651.5522	98.8701
3652.5164	98.9579
3653.4807	99.049
3654.4448	99.1145
3655.4092	99.1207
3656.3733	99.0527
3657.3376	98.9368
3658.3018	98.8397
3659.2661	98.8343
3660.2302	98.9487
3661.1946	99.1332
3662.1587	99.2811
3663.1230	99.3001
3664.0872	99.1747
3665.0515	98.9648
3666.0156	98.7573
3666.9800	98.6186
3667.9441	98.5737
3668.9084	98.6082
3669.8726	98.6867
3670.8369	98.7764
3671.8010	98.8589
3672.7654	98.9248
3673.7295	98.9591
3674.6938	98.9338
3675.6580	98.8166
3676.6223	98.5966
3677.5864	98.3044
3678.5508	98.0055
3679.5149	97.7684
3680.4792	97.6315
3681.4434	97.588
3682.4077	97.5956
3683.3718	97.6086
3684.3362	97.6078
3685.3003	97.6075
3686.2646	97.6377
3687.2288	97.7152
3688.1931	97.8234
3689.1572	97.9229
3690.1216	97.9863
3691.0857	98.0176
3692.0500	98.0409
3693.0142	98.077
3693.9785	98.1271
3694.9426	98.171
3695.9070	98.1766
3696.8711	98.1165
3697.8354	97.9876
3698.7996	97.8237
3699.7639	97.6864
3700.7280	97.6307
3701.6924	97.6699
3702.6565	97.7734
3703.6208	97.8942
3704.5850	97.9933
3705.5493	98.0482
3706.5134	98.052
3707.4778	98.0106
3708.4419	97.9385
3709.4063	97.8543
3710.3704	97.7755
3711.3347	97.7155
3712.2988	97.6831
3713.2632	97.6812
3714.2273	97.7052
3715.1917	97.7419
3716.1558	97.7736
3717.1201	97.7838
3718.0842	97.7617
3719.0486	97.7046
3720.0127	97.6181
3720.9771	97.5148
3721.9412	97.4102
3722.9055	97.3175
3723.8696	97.2458
3724.8340	97.2022
3725.7981	97.1925
3726.7625	97.219
3727.7266	97.2754
3728.6909	97.3438
3729.6550	97.3938
3730.6194	97.392
3731.5835	97.3239
3732.5479	97.2134
3733.5120	97.113
3734.4763	97.0644
3735.4404	97.0696
3736.4048	97.0892
3737.3689	97.0632
3738.3333	96.9464
3739.2974	96.7414
3740.2617	96.4969
3741.2258	96.2705
3742.1902	96.0964
3743.1543	95.9828
3744.1187	95.9231
3745.0828	95.9088
3746.0471	95.9347
3747.0112	95.9936
3747.9756	96.0668
3748.9397	96.1221
3749.9041	96.1258
3750.8682	96.0577
3751.8325	95.9215
3752.7966	95.7468
3753.7610	95.5828
3754.7251	95.4793
3755.6895	95.4575
3756.6536	95.4888
3757.6179	95.5142
3758.5820	95.4936
3759.5464	95.4368
3760.5105	95.3951
3761.4749	95.4268
3762.4390	95.556
3763.4033	95.7467
3764.3674	95.9204
3765.3318	96.0078
3766.2959	95.9904
3767.2603	95.902
3768.2244	95.8032
3769.1887	95.7488
3770.1528	95.7637
3771.1172	95.8358
3772.0813	95.9295
3773.0457	96.0085
3774.0098	96.0525
3774.9741	96.0603
3775.9382	96.0437
3776.9026	96.018
3777.8667	95.9959
3778.8311	95.984
3779.7952	95.9844
3780.7595	95.9967
3781.7236	96.0186
3782.6880	96.047
3783.6521	96.0772
3784.6165	96.1027
3785.5806	96.1138
3786.5449	96.099
3787.5090	96.0513
3788.4734	95.9774
3789.4375	95.9007
3790.4019	95.8485
3791.3660	95.8293
3792.3303	95.8214
3793.2944	95.7857
3794.2588	95.6904
3795.2229	95.5347
3796.1873	95.3533
3797.1514	95.1982
3798.1157	95.1082
3799.0798	95.0915
3800.0442	95.1254
3801.0083	95.1707
3801.9727	95.1921
3802.9368	95.1766
3803.9011	95.1373
3804.8652	95.0962
3805.8296	95.0595
3806.7937	95.0079
3807.7581	94.9095
3808.7222	94.7467
3809.6865	94.5365
3810.6506	94.3246
3811.6150	94.1593
3812.5791	94.0638
3813.5435	94.0259
3814.5076	94.0121
3815.4719	93.9956
3816.4360	93.9771
3817.4004	93.9815
3818.3645	94.0368
3819.3289	94.1476
3820.2930	94.2859
3821.2573	94.4041
3822.2214	94.4602
3823.1858	94.4344
3824.1499	94.3304
3825.1143	94.1697
3826.0784	93.9822
3827.0427	93.7923
3828.0068	93.6104
3828.9712	93.4374
3829.9353	93.2793
3830.8997	93.1563
3831.8638	93.0957
3832.8281	93.117
3833.7922	93.2195
3834.7566	93.3851
3835.7207	93.5908
3836.6851	93.8133
3837.6492	94.0239
3838.6135	94.1779
3839.5776	94.2179
3840.5420	94.1019
3841.5061	93.8471
3842.4705	93.5332
3843.4346	93.2496
3844.3989	93.0475
3845.3630	92.937
3846.3274	92.9043
3847.2915	92.9264
3848.2559	92.9808
3849.2200	93.0491
3850.1843	93.1195
3851.1484	93.1891
3852.1128	93.2633
3853.0769	93.3499
3854.0413	93.4493
3855.0054	93.5483
3855.9697	93.6198
3856.9338	93.6311
3857.8982	93.557
3858.8623	93.392
3859.8267	93.1545
3860.7908	92.883
3861.7551	92.6304
3862.7192	92.4579
3863.6836	92.4229
3864.6477	92.5503
3865.6121	92.7981
3866.5762	93.0665
3867.5405	93.2624
3868.5046	93.3478
3869.4690	93.3344
3870.4331	93.2555
3871.3975	93.1458
3872.3616	93.0361
3873.3259	92.9539
3874.2900	92.9179
3875.2544	92.9262
3876.2185	92.9514
3877.1829	92.9528
3878.1470	92.8988
3879.1113	92.7877
3880.0754	92.655
3881.0398	92.5567
3882.0039	92.5382
3882.9683	92.6093
3883.9324	92.7425
3884.8967	92.8897
3885.8608	93.0044
3886.8252	93.058
3887.7893	93.0456
3888.7537	92.9803
3889.7178	92.8821
3890.6821	92.7681
3891.6462	92.6501
3892.6106	92.5357
3893.5747	92.4315
3894.5391	92.3451
3895.5032	92.2843
3896.4675	92.2527
3897.4316	92.244
3898.3960	92.2433
3899.3601	92.2383
3900.3245	92.2292
3901.2886	92.2304
3902.2529	92.2589
3903.2170	92.3174
3904.1814	92.3854
3905.1455	92.4284
3906.1099	92.4189
3907.0740	92.352
3908.0383	92.2437
3909.0024	92.1186
3909.9668	91.9988
3910.9309	91.899
3911.8953	91.8285
3912.8594	91.7961
3913.8237	91.812
3914.7878	91.8803
3915.7522	91.9894
3916.7163	92.11
3917.6807	92.2067
3918.6448	92.2551
3919.6091	92.2532
3920.5732	92.2189
3921.5376	92.1779
3922.5017	92.1497
3923.4661	92.1409
3924.4302	92.1474
3925.3945	92.1614
3926.3586	92.1777
3927.3230	92.1952
3928.2871	92.2144
3929.2515	92.2339
3930.2156	92.2498
3931.1799	92.2583
3932.1440	92.2593
3933.1084	92.2558
3934.0725	92.2515
3935.0369	92.247
3936.0010	92.2388
3936.9653	92.2214
3937.9294	92.1916
3938.8938	92.1522
3939.8579	92.1115
3940.8223	92.0807
3941.7864	92.0689
3942.7507	92.0792
3943.7148	92.1062
3944.6792	92.1378
3945.6433	92.1596
3946.6077	92.1601
3947.5718	92.1339
3948.5361	92.0831
3949.5002	92.0162
3950.4646	91.9472
3951.4287	91.8915
3952.3931	91.8612
3953.3572	91.8598
3954.3215	91.8808
3955.2856	91.9103
3956.2500	91.9346
3957.2141	91.947
3958.1785	91.9498
3959.1426	91.9505
3960.1069	91.955
3961.0710	91.9629
3962.0354	91.968
3962.9995	91.9633
3963.9639	91.9464
3964.9280	91.9211
3965.8923	91.894
3966.8564	91.8702
3967.8208	91.8512
3968.7849	91.8356
3969.7493	91.8224
3970.7134	91.8136
3971.6777	91.8129
3972.6418	91.8227
3973.6062	91.8412
3974.5703	91.8623
3975.5347	91.8776
3976.4988	91.8811
3977.4631	91.8715
3978.4272	91.8527
3979.3916	91.8308
3980.3557	91.812
3981.3201	91.8001
3982.2842	91.7968
3983.2485	91.8028
3984.2126	91.8186
3985.1770	91.8445
3986.1411	91.8795
3987.1055	91.9199
3988.0696	91.9606
3989.0339	91.9966
3989.9980	92.0278
3990.9624	92.0546
3991.9265	92.0789
3992.8909	92.1022
3993.8550	92.1249
3994.8193	92.1455
3995.7834	92.1619
3996.7478	92.1727
3997.7119	92.1781
3998.6763	92.1792
3999.6404	92.1781
4000.6047	92.1767
