549.6131	121.106
550.5773	120.748
551.5416	120.249
552.5058	119.592
553.4700	118.797
554.4343	117.91
555.3985	116.984
556.3627	116.072
557.3270	115.215
558.2912	114.438
559.2554	113.747
560.2197	113.131
561.1839	112.565
562.1481	112.011
563.1124	111.503
564.0766	111.054
565.0408	110.627
566.0051	110.187
566.9693	109.725
567.9335	109.26
568.8978	108.821
569.8620	108.422
570.8262	108.061
571.7905	107.724
572.7547	107.406
573.7189	107.127
574.6832	106.927
575.6474	106.855
576.6116	106.94
577.5759	107.182
578.5401	107.549
579.5043	107.985
580.4686	108.425
581.4328	108.806
582.3970	109.084
583.3613	109.241
584.3255	109.289
585.2897	109.272
586.2540	109.257
587.2182	109.309
588.1824	109.469
589.1467	109.745
590.1109	110.115
591.0751	110.545
592.0394	111.006
593.0036	111.474
593.9678	111.921
594.9321	112.313
595.8963	112.606
596.8605	112.772
597.8248	112.809
598.7890	112.749
599.7532	112.642
600.7175	112.528
601.6817	112.422
602.6459	112.307
603.6102	112.149
604.5744	111.93
605.5386	111.665
606.5029	111.399
607.4671	111.188
608.4313	111.063
609.3956	111.015
610.3598	111.003
611.3240	110.982
612.2883	110.929
613.2525	110.852
614.2167	110.775
615.1810	110.711
616.1452	110.647
617.1094	110.547
618.0737	110.382
619.0379	110.148
620.0021	109.883
620.9664	109.64
621.9306	109.461
622.8948	109.354
623.8591	109.294
624.8233	109.248
625.7875	109.208
626.7518	109.195
627.7160	109.252
628.6802	109.413
629.6445	109.671
630.6087	109.976
631.5729	110.257
632.5372	110.45
633.5014	110.528
634.4656	110.501
635.4299	110.398
636.3941	110.252
637.3583	110.086
638.3226	109.908
639.2868	109.725
640.2510	109.549
641.2153	109.4
642.1795	109.299
643.1437	109.26
644.1080	109.282
645.0722	109.353
646.0364	109.449
647.0007	109.549
647.9649	109.631
648.9291	109.68
649.8934	109.691
650.8576	109.66
651.8218	109.589
652.7861	109.484
653.7503	109.35
654.7145	109.188
655.6788	108.989
656.6430	108.748
657.6072	108.488
658.5715	108.253
659.5357	108.071
660.4999	107.943
661.4642	107.851
662.4284	107.772
663.3926	107.684
664.3569	107.568
665.3211	107.418
666.2853	107.234
667.2496	107.027
668.2138	106.814
669.1780	106.609
670.1423	106.421
671.1065	106.25
672.0707	106.092
673.0350	105.94
673.9992	105.791
674.9634	105.647
675.9277	105.514
676.8919	105.397
677.8561	105.3
678.8204	105.233
679.7846	105.219
680.7488	105.278
681.7131	105.398
682.6773	105.534
683.6415	105.644
684.6058	105.704
685.5700	105.71
686.5342	105.676
687.4985	105.625
688.4627	105.585
689.4269	105.574
690.3912	105.596
691.3554	105.646
692.3196	105.714
693.2839	105.79
694.2481	105.87
695.2123	105.955
696.1766	106.049
697.1408	106.16
698.1050	106.29
699.0693	106.435
700.0335	106.575
700.9977	106.676
701.9620	106.695
702.9262	106.601
703.8904	106.386
704.8547	106.078
705.8189	105.733
706.7831	105.426
707.7474	105.22
708.7116	105.147
709.6758	105.199
710.6401	105.332
711.6043	105.494
712.5685	105.642
713.5328	105.752
714.4970	105.817
715.4612	105.844
716.4255	105.844
717.3897	105.824
718.3539	105.793
719.3182	105.753
720.2824	105.706
721.2466	105.646
722.2109	105.565
723.1751	105.455
724.1393	105.326
725.1036	105.205
726.0678	105.139
727.0320	105.175
727.9963	105.334
728.9605	105.598
729.9247	105.911
730.8890	106.196
731.8532	106.387
732.8174	106.456
733.7817	106.419
734.7459	106.314
735.7101	106.184
736.6744	106.054
737.6386	105.93
738.6028	105.814
739.5671	105.703
740.5313	105.6
741.4955	105.509
742.4598	105.435
743.4240	105.375
744.3882	105.329
745.3525	105.295
746.3167	105.273
747.2809	105.26
748.2452	105.253
749.2094	105.244
750.1736	105.227
751.1379	105.198
752.1021	105.159
753.0663	105.114
754.0306	105.068
754.9948	105.025
755.9590	104.983
756.9233	104.941
757.8875	104.903
758.8517	104.88
759.8160	104.882
760.7802	104.917
761.7444	104.982
762.7087	105.062
763.6729	105.136
764.6371	105.189
765.6014	105.219
766.5656	105.236
767.5298	105.255
768.4941	105.287
769.4583	105.334
770.4225	105.388
771.3868	105.438
772.3510	105.475
773.3152	105.493
774.2795	105.495
775.2437	105.482
776.2079	105.457
777.1722	105.424
778.1364	105.393
779.1006	105.373
780.0649	105.372
781.0291	105.389
781.9933	105.414
782.9576	105.429
783.9218	105.421
784.8860	105.385
785.8503	105.331
786.8145	105.277
787.7787	105.239
788.7430	105.228
789.7072	105.242
790.6714	105.272
791.6357	105.307
792.5999	105.337
793.5641	105.358
794.5284	105.367
795.4926	105.365
796.4568	105.356
797.4211	105.348
798.3853	105.349
799.3495	105.367
800.3138	105.404
801.2780	105.454
802.2422	105.507
803.2065	105.552
804.1707	105.581
805.1349	105.597
806.0992	105.607
807.0634	105.622
808.0276	105.649
808.9919	105.685
809.9561	105.724
810.9203	105.756
811.8846	105.775
812.8488	105.784
813.8130	105.79
814.7773	105.802
815.7415	105.826
816.7057	105.858
817.6700	105.893
818.6342	105.921
819.5984	105.939
820.5627	105.947
821.5269	105.949
822.4911	105.952
823.4554	105.96
824.4196	105.975
825.3839	105.996
826.3481	106.021
827.3123	106.047
828.2766	106.071
829.2408	106.093
830.2050	106.107
831.1693	106.112
832.1335	106.104
833.0977	106.084
834.0620	106.055
835.0262	106.023
835.9904	105.993
836.9547	105.969
837.9189	105.947
838.8831	105.925
839.8474	105.898
840.8116	105.866
841.7758	105.831
842.7401	105.8
843.7043	105.78
844.6685	105.771
845.6328	105.771
846.5970	105.774
847.5612	105.773
848.5255	105.768
849.4897	105.76
850.4539	105.752
851.4182	105.749
852.3824	105.753
853.3466	105.762
854.3109	105.777
855.2751	105.799
856.2393	105.829
857.2036	105.867
858.1678	105.914
859.1320	105.966
860.0963	106.019
861.0605	106.068
862.0247	106.107
862.9890	106.131
863.9532	106.137
864.9174	106.13
865.8817	106.117
866.8459	106.107
867.8101	106.107
868.7744	106.116
869.7386	106.126
870.7028	106.125
871.6671	106.103
872.6313	106.059
873.5955	105.997
874.5598	105.928
875.5240	105.861
876.4882	105.805
877.4525	105.762
878.4167	105.731
879.3809	105.712
880.3452	105.699
881.3094	105.688
882.2736	105.671
883.2379	105.638
884.2021	105.587
885.1663	105.52
886.1306	105.444
887.0948	105.375
888.0590	105.323
889.0233	105.295
889.9875	105.289
890.9517	105.301
891.9160	105.323
892.8802	105.351
893.8444	105.382
894.8087	105.416
895.7729	105.453
896.7371	105.491
897.7014	105.528
898.6656	105.563
899.6298	105.594
900.5941	105.621
901.5583	105.645
902.5225	105.663
903.4868	105.674
904.4510	105.677
905.4152	105.678
906.3795	105.686
907.3437	105.711
908.3079	105.761
909.2722	105.838
910.2364	105.936
911.2006	106.046
912.1649	106.154
913.1291	106.249
914.0933	106.324
915.0576	106.377
916.0218	106.412
916.9860	106.438
917.9503	106.465
918.9145	106.502
919.8787	106.555
920.8430	106.623
921.8072	106.702
922.7714	106.785
923.7357	106.865
924.6999	106.938
925.6641	107.005
926.6284	107.068
927.5926	107.133
928.5568	107.205
929.5211	107.282
930.4853	107.364
931.4495	107.444
932.4138	107.514
933.3780	107.569
934.3422	107.607
935.3065	107.632
936.2707	107.65
937.2349	107.665
938.1992	107.682
939.1634	107.699
940.1276	107.714
941.0919	107.725
942.0561	107.73
943.0203	107.728
943.9846	107.72
944.9488	107.708
945.9130	107.696
946.8773	107.685
947.8415	107.681
948.8057	107.687
949.7700	107.702
950.7342	107.725
951.6984	107.75
952.6627	107.77
953.6269	107.783
954.5911	107.786
955.5554	107.785
956.5196	107.786
957.4838	107.796
958.4481	107.818
959.4123	107.849
960.3765	107.885
961.3408	107.918
962.3050	107.943
963.2692	107.96
964.2335	107.975
965.1977	107.992
966.1619	108.018
967.1262	108.055
968.0904	108.102
969.0546	108.156
970.0189	108.21
970.9831	108.261
971.9473	108.303
972.9116	108.334
973.8758	108.354
974.8400	108.364
975.8043	108.37
976.7685	108.376
977.7327	108.386
978.6970	108.401
979.6612	108.42
980.6254	108.438
981.5897	108.454
982.5539	108.466
983.5181	108.478
984.4824	108.497
985.4466	108.526
986.4108	108.569
987.3751	108.623
988.3393	108.682
989.3035	108.736
990.2678	108.776
991.2320	108.799
992.1962	108.806
993.1605	108.801
994.1247	108.792
995.0889	108.784
996.0532	108.779
997.0174	108.779
997.9816	108.782
998.9459	108.789
999.9101	108.8
1000.8743	108.814
1001.8386	108.831
1002.8028	108.847
1003.7670	108.859
1004.7313	108.867
1005.6955	108.868
1006.6597	108.862
1007.6240	108.848
1008.5882	108.825
1009.5524	108.795
1010.5167	108.761
1011.4809	108.729
1012.4451	108.704
1013.4094	108.688
1014.3736	108.682
1015.3378	108.682
1016.3021	108.685
1017.2663	108.689
1018.2305	108.693
1019.1948	108.699
1020.1590	108.709
1021.1232	108.724
1022.0875	108.74
1023.0517	108.753
1024.0160	108.756
1024.9802	108.744
1025.9445	108.717
1026.9087	108.681
1027.8729	108.64
1028.8372	108.6
1029.8014	108.562
1030.7656	108.524
1031.7299	108.483
1032.6941	108.436
1033.6583	108.382
1034.6226	108.322
1035.5868	108.259
1036.5510	108.195
1037.5153	108.131
1038.4795	108.07
1039.4437	108.014
1040.4080	107.964
1041.3722	107.92
1042.3364	107.878
1043.3007	107.835
1044.2649	107.785
1045.2291	107.73
1046.1934	107.672
1047.1576	107.618
1048.1218	107.571
1049.0861	107.533
1050.0503	107.501
1051.0145	107.469
1051.9788	107.431
1052.9430	107.386
1053.9072	107.335
1054.8715	107.284
1055.8357	107.237
1056.7999	107.196
1057.7642	107.16
1058.7284	107.125
1059.6926	107.086
1060.6569	107.039
1061.6211	106.985
1062.5853	106.925
1063.5496	106.863
1064.5138	106.803
1065.4780	106.75
1066.4423	106.705
1067.4065	106.67
1068.3707	106.642
1069.3350	106.619
1070.2992	106.597
1071.2634	106.574
1072.2277	106.551
1073.1919	106.532
1074.1561	106.521
1075.1204	106.521
1076.0846	106.533
1077.0488	106.555
1078.0131	106.583
1078.9773	106.613
1079.9415	106.646
1080.9058	106.681
1081.8700	106.722
1082.8342	106.772
1083.7985	106.831
1084.7627	106.898
1085.7269	106.968
1086.6912	107.037
1087.6554	107.1
1088.6196	107.153
1089.5839	107.196
1090.5481	107.234
1091.5123	107.271
1092.4766	107.312
1093.4408	107.361
1094.4050	107.416
1095.3693	107.474
1096.3335	107.53
1097.2977	107.583
1098.2620	107.63
1099.2262	107.675
1100.1904	107.717
1101.1547	107.759
1102.1189	107.8
1103.0831	107.841
1104.0474	107.883
1105.0116	107.926
1105.9758	107.969
1106.9401	108.012
1107.9043	108.057
1108.8685	108.105
1109.8328	108.161
1110.7970	108.228
1111.7612	108.307
1112.7255	108.394
1113.6897	108.484
1114.6539	108.57
1115.6182	108.647
1116.5824	108.713
1117.5466	108.769
1118.5109	108.82
1119.4751	108.87
1120.4393	108.924
1121.4036	108.985
1122.3678	109.053
1123.3320	109.128
1124.2963	109.212
1125.2605	109.301
1126.2247	109.395
1127.1890	109.488
1128.1532	109.577
1129.1174	109.658
1130.0817	109.729
1131.0459	109.794
1132.0101	109.854
1132.9744	109.913
1133.9386	109.972
1134.9028	110.031
1135.8671	110.089
1136.8313	110.146
1137.7955	110.206
1138.7598	110.27
1139.7240	110.341
1140.6882	110.418
1141.6525	110.5
1142.6167	110.583
1143.5809	110.666
1144.5452	110.751
1145.5094	110.835
1146.4736	110.918
1147.4379	110.996
1148.4021	111.069
1149.3663	111.136
1150.3306	111.2
1151.2948	111.265
1152.2590	111.334
1153.2233	111.411
1154.1875	111.493
1155.1517	111.577
1156.1160	111.66
1157.0802	111.74
1158.0444	111.817
1159.0087	111.892
1159.9729	111.968
1160.9371	112.042
1161.9014	112.114
1162.8656	112.183
1163.8298	112.248
1164.7941	112.31
1165.7583	112.371
1166.7225	112.433
1167.6868	112.497
1168.6510	112.564
1169.6152	112.632
1170.5795	112.7
1171.5437	112.769
1172.5079	112.837
1173.4722	112.906
1174.4364	112.973
1175.4006	113.038
1176.3649	113.101
1177.3291	113.162
1178.2933	113.223
1179.2576	113.284
1180.2218	113.346
1181.1860	113.407
1182.1503	113.466
1183.1145	113.522
1184.0787	113.574
1185.0430	113.621
1186.0072	113.662
1186.9714	113.694
1187.9357	113.716
1188.8999	113.725
1189.8641	113.723
1190.8284	113.711
1191.7926	113.691
1192.7568	113.669
1193.7211	113.646
1194.6853	113.623
1195.6495	113.602
1196.6138	113.582
1197.5780	113.563
1198.5422	113.547
1199.5065	113.531
1200.4707	113.515
1201.4349	113.495
1202.3992	113.467
1203.3634	113.431
1204.3276	113.386
1205.2919	113.338
1206.2561	113.293
1207.2203	113.258
1208.1846	113.237
1209.1488	113.23
1210.1130	113.236
1211.0773	113.25
1212.0415	113.269
1213.0057	113.29
1213.9700	113.313
1214.9342	113.336
1215.8984	113.359
1216.8627	113.382
1217.8269	113.402
1218.7911	113.421
1219.7554	113.438
1220.7196	113.455
1221.6838	113.473
1222.6481	113.493
1223.6123	113.515
1224.5765	113.54
1225.5408	113.573
1226.5050	113.616
1227.4692	113.672
1228.4335	113.741
1229.3977	113.819
1230.3619	113.897
1231.3262	113.967
1232.2904	114.024
1233.2546	114.067
1234.2189	114.101
1235.1831	114.133
1236.1473	114.17
1237.1116	114.216
1238.0758	114.269
1239.0400	114.327
1240.0043	114.387
1240.9685	114.445
1241.9327	114.502
1242.8970	114.559
1243.8612	114.614
1244.8254	114.667
1245.7897	114.716
1246.7539	114.759
1247.7181	114.795
1248.6824	114.824
1249.6466	114.846
1250.6108	114.861
1251.5751	114.868
1252.5393	114.87
1253.5035	114.866
1254.4678	114.859
1255.4320	114.852
1256.3962	114.846
1257.3605	114.838
1258.3247	114.828
1259.2889	114.814
1260.2532	114.796
1261.2174	114.777
1262.1816	114.76
1263.1459	114.746
1264.1101	114.734
1265.0743	114.722
1266.0386	114.706
1267.0028	114.683
1267.9670	114.656
1268.9313	114.626
1269.8955	114.598
1270.8597	114.576
1271.8240	114.559
1272.7882	114.546
1273.7524	114.536
1274.7167	114.524
1275.6809	114.509
1276.6451	114.491
1277.6094	114.469
1278.5736	114.446
1279.5378	114.423
1280.5021	114.402
1281.4663	114.382
1282.4305	114.364
1283.3948	114.344
1284.3590	114.321
1285.3232	114.295
1286.2875	114.263
1287.2517	114.229
1288.2159	114.194
1289.1802	114.161
1290.1444	114.133
1291.1086	114.109
1292.0729	114.091
1293.0371	114.075
1294.0013	114.06
1294.9656	114.044
1295.9298	114.026
1296.8940	114.006
1297.8583	113.985
1298.8225	113.963
1299.7867	113.943
1300.7510	113.923
1301.7152	113.904
1302.6794	113.886
1303.6437	113.868
1304.6079	113.85
1305.5721	113.834
1306.5364	113.82
1307.5006	113.811
1308.4648	113.808
1309.4291	113.809
1310.3933	113.813
1311.3575	113.819
1312.3218	113.823
1313.2860	113.827
1314.2502	113.829
1315.2145	113.83
1316.1787	113.829
1317.1429	113.827
1318.1072	113.821
1319.0714	113.814
1320.0356	113.807
1320.9999	113.802
1321.9641	113.798
1322.9283	113.795
1323.8926	113.788
1324.8568	113.773
1325.8210	113.747
1326.7853	113.71
1327.7495	113.667
1328.7137	113.623
1329.6780	113.581
1330.6422	113.544
1331.6064	113.508
1332.5707	113.472
1333.5349	113.433
1334.4991	113.389
1335.4634	113.342
1336.4276	113.293
1337.3918	113.243
1338.3561	113.193
1339.3203	113.143
1340.2845	113.093
1341.2488	113.042
1342.2130	112.99
1343.1772	112.937
1344.1415	112.885
1345.1057	112.834
1346.0699	112.782
1347.0342	112.729
1347.9984	112.674
1348.9626	112.617
1349.9269	112.559
1350.8911	112.504
1351.8553	112.455
1352.8196	112.412
1353.7838	112.375
1354.7480	112.343
1355.7123	112.313
1356.6765	112.285
1357.6407	112.257
1358.6050	112.228
1359.5692	112.196
1360.5334	112.155
1361.4977	112.107
1362.4619	112.054
1363.4261	112.002
1364.3904	111.958
1365.3546	111.93
1366.3188	111.916
1367.2831	111.916
1368.2473	111.926
1369.2115	111.943
1370.1758	111.967
1371.1400	111.996
1372.1042	112.03
1373.0685	112.069
1374.0327	112.11
1374.9969	112.152
1375.9612	112.193
1376.9254	112.236
1377.8896	112.28
1378.8539	112.323
1379.8181	112.361
1380.7823	112.388
1381.7466	112.401
1382.7108	112.4
1383.6750	112.393
1384.6393	112.388
1385.6035	112.392
1386.5677	112.407
1387.5320	112.429
1388.4962	112.453
1389.4604	112.473
1390.4247	112.485
1391.3889	112.486
1392.3531	112.473
1393.3174	112.445
1394.2816	112.407
1395.2458	112.366
1396.2101	112.329
1397.1743	112.303
1398.1385	112.288
1399.1028	112.281
1400.0670	112.273
1401.0313	112.258
1401.9955	112.232
1402.9597	112.191
1403.9240	112.139
1404.8882	112.074
1405.8524	112
1406.8167	111.923
1407.7809	111.852
1408.7451	111.792
1409.7094	111.745
1410.6736	111.706
1411.6378	111.669
1412.6021	111.632
1413.5663	111.593
1414.5305	111.554
1415.4948	111.518
1416.4590	111.487
1417.4232	111.459
1418.3875	111.434
1419.3517	111.41
1420.3159	111.385
1421.2802	111.356
1422.2444	111.32
1423.2086	111.271
1424.1729	111.207
1425.1371	111.134
1426.1013	111.062
1427.0656	111.006
1428.0298	110.978
1428.9940	110.982
1429.9583	111.018
1430.9225	111.073
1431.8867	111.13
1432.8510	111.171
1433.8152	111.186
1434.7794	111.175
1435.7437	111.144
1436.7079	111.1
1437.6721	111.054
1438.6364	111.013
1439.6006	110.981
1440.5648	110.959
1441.5291	110.94
1442.4933	110.911
1443.4575	110.852
1444.4218	110.749
1445.3860	110.609
1446.3502	110.465
1447.3145	110.353
1448.2787	110.289
1449.2429	110.266
1450.2072	110.263
1451.1714	110.256
1452.1356	110.23
1453.0999	110.186
1454.0641	110.136
1455.0283	110.096
1455.9926	110.078
1456.9568	110.08
1457.9210	110.095
1458.8853	110.103
1459.8495	110.088
1460.8137	110.04
1461.7780	109.963
1462.7422	109.876
1463.7064	109.795
1464.6707	109.731
1465.6349	109.693
1466.5991	109.687
1467.5634	109.723
1468.5276	109.81
1469.4918	109.936
1470.4561	110.076
1471.4203	110.199
1472.3845	110.289
1473.3488	110.344
1474.3130	110.365
1475.2772	110.356
1476.2415	110.326
1477.2057	110.282
1478.1699	110.235
1479.1342	110.193
1480.0984	110.162
1481.0626	110.142
1482.0269	110.137
1482.9911	110.148
1483.9553	110.178
1484.9196	110.224
1485.8838	110.281
1486.8480	110.341
1487.8123	110.4
1488.7765	110.459
1489.7407	110.516
1490.7050	110.568
1491.6692	110.603
1492.6334	110.604
1493.5977	110.547
1494.5619	110.42
1495.5261	110.246
1496.4904	110.07
1497.4546	109.932
1498.4188	109.852
1499.3831	109.83
1500.3473	109.856
1501.3115	109.908
1502.2758	109.954
1503.2400	109.969
1504.2042	109.944
1505.1685	109.884
1506.1327	109.803
1507.0969	109.715
1508.0612	109.634
1509.0254	109.569
1509.9896	109.517
1510.9539	109.467
1511.9181	109.409
1512.8823	109.333
1513.8466	109.243
1514.8108	109.149
1515.7750	109.073
1516.7393	109.037
1517.7035	109.063
1518.6677	109.153
1519.6320	109.279
1520.5962	109.391
1521.5604	109.462
1522.5247	109.495
1523.4889	109.508
1524.4531	109.518
1525.4174	109.528
1526.3816	109.529
1527.3458	109.504
1528.3101	109.438
1529.2743	109.343
1530.2385	109.25
1531.2028	109.186
1532.1670	109.166
1533.1312	109.188
1534.0955	109.243
1535.0597	109.317
1536.0239	109.399
1536.9882	109.48
1537.9524	109.554
1538.9166	109.618
1539.8809	109.672
1540.8451	109.719
1541.8093	109.765
1542.7736	109.813
1543.7378	109.857
1544.7020	109.881
1545.6663	109.856
1546.6305	109.772
1547.5947	109.653
1548.5590	109.545
1549.5232	109.479
1550.4874	109.477
1551.4517	109.552
1552.4159	109.707
1553.3801	109.916
1554.3444	110.134
1555.3086	110.323
1556.2728	110.467
1557.2371	110.57
1558.2013	110.646
1559.1655	110.713
1560.1298	110.783
1561.0940	110.859
1562.0582	110.934
1563.0225	110.997
1563.9867	111.039
1564.9509	111.064
1565.9152	111.087
1566.8794	111.13
1567.8436	111.212
1568.8079	111.353
1569.7721	111.565
1570.7363	111.838
1571.7006	112.13
1572.6648	112.393
1573.6290	112.606
1574.5933	112.771
1575.5575	112.901
1576.5217	113.008
1577.4860	113.105
1578.4502	113.205
1579.4144	113.313
1580.3787	113.431
1581.3429	113.552
1582.3071	113.665
1583.2714	113.76
1584.2356	113.836
1585.1998	113.898
1586.1641	113.961
1587.1283	114.038
1588.0925	114.135
1589.0568	114.243
1590.0210	114.345
1590.9852	114.425
1591.9495	114.476
1592.9137	114.501
1593.8779	114.508
1594.8422	114.501
1595.8064	114.485
1596.7706	114.463
1597.7349	114.44
1598.6991	114.422
1599.6633	114.41
1600.6276	114.403
1601.5918	114.392
1602.5560	114.364
1603.5203	114.309
1604.4845	114.229
1605.4487	114.137
1606.4130	114.051
1607.3772	113.982
1608.3414	113.924
1609.3057	113.867
1610.2699	113.797
1611.2341	113.708
1612.1984	113.601
1613.1626	113.488
1614.1268	113.377
1615.0911	113.275
1616.0553	113.186
1617.0195	113.113
1617.9838	113.059
1618.9480	113.025
1619.9122	113.004
1620.8765	112.979
1621.8407	112.925
1622.8049	112.819
1623.7692	112.661
1624.7334	112.474
1625.6976	112.297
1626.6619	112.162
1627.6261	112.081
1628.5903	112.052
1629.5546	112.052
1630.5188	112.052
1631.4830	112.029
1632.4473	111.969
1633.4115	111.871
1634.3757	111.75
1635.3400	111.633
1636.3042	111.544
1637.2684	111.488
1638.2327	111.448
1639.1969	111.395
1640.1611	111.295
1641.1254	111.129
1642.0896	110.919
1643.0538	110.713
1644.0181	110.55
1644.9823	110.446
1645.9465	110.41
1646.9108	110.437
1647.8750	110.508
1648.8392	110.584
1649.8035	110.633
1650.7677	110.642
1651.7319	110.623
1652.6962	110.591
1653.6604	110.556
1654.6246	110.521
1655.5889	110.488
1656.5531	110.46
1657.5173	110.447
1658.4816	110.453
1659.4458	110.47
1660.4100	110.48
1661.3743	110.47
1662.3385	110.443
1663.3027	110.416
1664.2670	110.426
1665.2312	110.495
1666.1954	110.609
1667.1597	110.723
1668.1239	110.798
1669.0881	110.818
1670.0524	110.777
1671.0166	110.676
1671.9808	110.537
1672.9451	110.393
1673.9093	110.275
1674.8735	110.189
1675.8378	110.126
1676.8020	110.072
1677.7662	110.024
1678.7305	109.985
1679.6947	109.967
1680.6589	109.972
1681.6232	109.997
1682.5874	110.022
1683.5516	110.027
1684.5159	110
1685.4801	109.943
1686.4443	109.866
1687.4086	109.782
1688.3728	109.697
1689.3370	109.613
1690.3013	109.526
1691.2655	109.438
1692.2297	109.35
1693.1940	109.273
1694.1582	109.223
1695.1224	109.216
1696.0867	109.256
1697.0509	109.326
1698.0151	109.401
1698.9794	109.464
1699.9436	109.504
1700.9078	109.515
1701.8721	109.49
1702.8363	109.422
1703.8005	109.31
1704.7648	109.162
1705.7290	109.004
1706.6932	108.868
1707.6575	108.776
1708.6217	108.738
1709.5859	108.746
1710.5502	108.789
1711.5144	108.852
1712.4786	108.92
1713.4429	108.98
1714.4071	109.026
1715.3713	109.057
1716.3356	109.078
1717.2998	109.091
1718.2640	109.094
1719.2283	109.077
1720.1925	109.029
1721.1567	108.94
1722.1210	108.819
1723.0852	108.685
1724.0494	108.561
1725.0137	108.462
1725.9779	108.395
1726.9421	108.36
1727.9064	108.356
1728.8706	108.377
1729.8348	108.408
1730.7991	108.433
1731.7633	108.441
1732.7275	108.431
1733.6918	108.404
1734.6560	108.363
1735.6202	108.307
1736.5845	108.239
1737.5487	108.162
1738.5129	108.086
1739.4772	108.022
1740.4414	107.979
1741.4056	107.961
1742.3699	107.97
1743.3341	108.006
1744.2983	108.074
1745.2626	108.171
1746.2268	108.289
1747.1910	108.409
1748.1553	108.513
1749.1195	108.598
1750.0837	108.668
1751.0480	108.739
1752.0122	108.825
1752.9764	108.931
1753.9407	109.054
1754.9049	109.183
1755.8691	109.304
1756.8334	109.409
1757.7976	109.493
1758.7618	109.559
1759.7261	109.614
1760.6903	109.671
1761.6545	109.74
1762.6188	109.823
1763.5830	109.914
1764.5472	110.003
1765.5115	110.084
1766.4757	110.152
1767.4399	110.208
1768.4042	110.256
1769.3684	110.301
1770.3326	110.349
1771.2969	110.402
1772.2611	110.463
1773.2253	110.535
1774.1896	110.613
1775.1538	110.693
1776.1180	110.764
1777.0823	110.817
1778.0465	110.842
1779.0107	110.839
1779.9750	110.816
1780.9392	110.793
1781.9034	110.792
1782.8677	110.826
1783.8319	110.895
1784.7961	110.984
1785.7604	111.069
1786.7246	111.13
1787.6888	111.156
1788.6531	111.151
1789.6173	111.129
1790.5815	111.107
1791.5458	111.097
1792.5100	111.104
1793.4742	111.124
1794.4385	111.15
1795.4027	111.175
1796.3669	111.189
1797.3312	111.19
1798.2954	111.174
1799.2596	111.146
1800.2239	111.115
1801.1881	111.092
1802.1523	111.089
1803.1166	111.113
1804.0808	111.159
1805.0450	111.217
1806.0093	111.271
1806.9735	111.312
1807.9377	111.339
1808.9020	111.357
1809.8662	111.374
1810.8304	111.392
1811.7947	111.414
1812.7589	111.437
1813.7231	111.456
1814.6874	111.462
1815.6516	111.45
1816.6158	111.418
1817.5801	111.367
1818.5443	111.308
1819.5085	111.253
1820.4728	111.214
1821.4370	111.193
1822.4012	111.19
1823.3655	111.195
1824.3297	111.201
1825.2939	111.204
1826.2582	111.204
1827.2224	111.204
1828.1866	111.204
1829.1509	111.199
1830.1151	111.179
1831.0793	111.137
1832.0436	111.072
1833.0078	110.994
1833.9720	110.918
1834.9363	110.857
1835.9005	110.818
1836.8647	110.802
1837.8290	110.802
1838.7932	110.816
1839.7574	110.84
1840.7217	110.876
1841.6859	110.92
1842.6501	110.967
1843.6144	111.008
1844.5786	111.038
1845.5428	111.054
1846.5071	111.061
1847.4713	111.062
1848.4355	111.061
1849.3998	111.059
1850.3640	111.056
1851.3282	111.048
1852.2925	111.037
1853.2567	111.026
1854.2209	111.015
1855.1852	111.009
1856.1494	111.005
1857.1136	111.002
1858.0779	110.999
1859.0421	110.995
1860.0063	110.993
1860.9706	110.991
1861.9348	110.988
1862.8990	110.984
1863.8633	110.975
1864.8275	110.962
1865.7917	110.947
1866.7560	110.932
1867.7202	110.917
1868.6844	110.902
1869.6487	110.888
1870.6129	110.872
1871.5771	110.855
1872.5414	110.838
1873.5056	110.821
1874.4698	110.801
1875.4341	110.778
1876.3983	110.751
1877.3625	110.727
1878.3268	110.713
1879.2910	110.716
1880.2552	110.738
1881.2195	110.771
1882.1837	110.805
1883.1479	110.83
1884.1122	110.841
1885.0764	110.84
1886.0406	110.831
1887.0049	110.819
1887.9691	110.807
1888.9333	110.793
1889.8976	110.778
1890.8618	110.761
1891.8260	110.742
1892.7903	110.723
1893.7545	110.706
1894.7188	110.691
1895.6830	110.674
1896.6472	110.656
1897.6115	110.637
1898.5757	110.62
1899.5399	110.608
1900.5042	110.604
1901.4684	110.606
1902.4326	110.608
1903.3969	110.606
1904.3611	110.596
1905.3253	110.576
1906.2896	110.552
1907.2538	110.527
1908.2180	110.503
1909.1823	110.48
1910.1465	110.456
1911.1107	110.43
1912.0750	110.404
1913.0392	110.382
1914.0034	110.366
1914.9677	110.357
1915.9319	110.354
1916.8961	110.351
1917.8604	110.348
1918.8246	110.343
1919.7888	110.336
1920.7531	110.328
1921.7173	110.32
1922.6815	110.311
1923.6458	110.301
1924.6100	110.289
1925.5742	110.278
1926.5385	110.269
1927.5027	110.262
1928.4669	110.257
1929.4312	110.25
1930.3954	110.24
1931.3596	110.226
1932.3239	110.21
1933.2881	110.193
1934.2523	110.18
1935.2166	110.173
1936.1808	110.17
1937.1450	110.169
1938.1093	110.168
1939.0735	110.166
1940.0377	110.161
1941.0020	110.154
1941.9662	110.146
1942.9304	110.137
1943.8947	110.129
1944.8589	110.122
1945.8231	110.115
1946.7874	110.108
1947.7516	110.098
1948.7158	110.085
1949.6801	110.068
1950.6443	110.049
1951.6085	110.032
1952.5728	110.019
1953.5370	110.012
1954.5012	110.01
1955.4655	110.012
1956.4297	110.016
1957.3939	110.021
1958.3582	110.027
1959.3224	110.034
1960.2866	110.039
1961.2509	110.042
1962.2151	110.04
1963.1793	110.033
1964.1436	110.023
1965.1078	110.011
1966.0720	110.001
1967.0363	109.995
1968.0005	109.993
1968.9647	109.996
1969.9290	110.001
1970.8932	110.008
1971.8574	110.015
1972.8217	110.02
1973.7859	110.025
1974.7501	110.027
1975.7144	110.028
1976.6786	110.027
1977.6428	110.022
1978.6071	110.013
1979.5713	110.001
1980.5355	109.986
1981.4998	109.97
1982.4640	109.956
1983.4282	109.944
1984.3925	109.934
1985.3567	109.926
1986.3209	109.917
1987.2852	109.909
1988.2494	109.9
1989.2136	109.892
1990.1779	109.884
1991.1421	109.875
1992.1063	109.865
1993.0706	109.853
1994.0348	109.839
1994.9990	109.824
1995.9633	109.81
1996.9275	109.798
1997.8917	109.788
1998.8560	109.782
1999.8202	109.779
2000.7844	109.78
2001.7487	109.786
2002.7129	109.797
2003.6771	109.809
2004.6414	109.82
2005.6056	109.826
2006.5698	109.825
2007.5341	109.816
2008.4983	109.801
2009.4625	109.784
2010.4268	109.768
2011.3910	109.753
2012.3552	109.741
2013.3195	109.729
2014.2837	109.719
2015.2479	109.709
2016.2122	109.701
2017.1764	109.695
2018.1406	109.69
2019.1049	109.687
2020.0691	109.684
2021.0333	109.679
2021.9976	109.671
2022.9618	109.66
2023.9260	109.646
2024.8903	109.631
2025.8545	109.617
2026.8187	109.605
2027.7830	109.598
2028.7472	109.595
2029.7114	109.596
2030.6757	109.601
2031.6399	109.606
2032.6041	109.613
2033.5684	109.618
2034.5326	109.622
2035.4968	109.626
2036.4611	109.628
2037.4253	109.631
2038.3895	109.633
2039.3538	109.636
2040.3180	109.639
2041.2822	109.643
2042.2465	109.648
2043.2107	109.652
2044.1749	109.656
2045.1392	109.66
2046.1034	109.664
2047.0676	109.667
2048.0320	109.67
2048.9961	109.673
2049.9604	109.678
2050.9246	109.682
2051.8889	109.686
2052.8530	109.689
2053.8174	109.69
2054.7815	109.691
2055.7458	109.691
2056.7100	109.692
2057.6743	109.694
2058.6384	109.697
2059.6028	109.7
2060.5669	109.703
2061.5313	109.705
2062.4954	109.708
2063.4597	109.711
2064.4238	109.713
2065.3882	109.714
2066.3523	109.714
2067.3167	109.713
2068.2808	109.711
2069.2451	109.709
2070.2092	109.708
2071.1736	109.708
2072.1377	109.708
2073.1021	109.707
2074.0662	109.703
2075.0305	109.697
2075.9946	109.691
2076.9590	109.685
2077.9231	109.68
2078.8875	109.675
2079.8516	109.67
2080.8159	109.664
2081.7800	109.66
2082.7444	109.659
2083.7085	109.661
2084.6729	109.666
2085.6370	109.673
2086.6013	109.679
2087.5654	109.684
2088.5298	109.686
2089.4939	109.687
2090.4583	109.689
2091.4224	109.693
2092.3867	109.699
2093.3508	109.707
2094.3152	109.716
2095.2793	109.723
2096.2437	109.731
2097.2078	109.739
2098.1721	109.749
2099.1362	109.76
2100.1006	109.771
2101.0647	109.782
2102.0291	109.793
2102.9932	109.805
2103.9575	109.819
2104.9216	109.834
2105.8860	109.85
2106.8501	109.863
2107.8145	109.872
2108.7786	109.876
2109.7429	109.877
2110.7070	109.879
2111.6714	109.883
2112.6355	109.891
2113.5999	109.901
2114.5640	109.911
2115.5283	109.92
2116.4924	109.926
2117.4568	109.932
2118.4209	109.937
2119.3853	109.944
2120.3494	109.95
2121.3137	109.956
2122.2778	109.96
2123.2422	109.965
2124.2063	109.97
2125.1707	109.978
2126.1348	109.986
2127.0991	109.993
2128.0632	109.999
2129.0276	110.001
2129.9917	110
2130.9561	109.999
2131.9202	109.999
2132.8845	110.003
2133.8486	110.009
2134.8130	110.016
2135.7771	110.024
2136.7415	110.03
2137.7056	110.033
2138.6699	110.035
2139.6340	110.035
2140.5984	110.033
2141.5625	110.032
2142.5269	110.031
2143.4910	110.033
2144.4553	110.037
2145.4194	110.044
2146.3838	110.052
2147.3479	110.06
2148.3123	110.066
2149.2764	110.072
2150.2407	110.076
2151.2048	110.082
2152.1692	110.089
2153.1333	110.098
2154.0977	110.109
2155.0618	110.12
2156.0261	110.131
2156.9902	110.142
2157.9546	110.151
2158.9187	110.159
2159.8831	110.165
2160.8472	110.171
2161.8115	110.176
2162.7756	110.182
2163.7400	110.19
2164.7041	110.2
2165.6685	110.212
2166.6326	110.225
2167.5969	110.237
2168.5610	110.25
2169.5254	110.261
2170.4895	110.271
2171.4539	110.28
2172.4180	110.288
2173.3823	110.294
2174.3464	110.298
2175.3108	110.3
2176.2749	110.301
2177.2393	110.303
2178.2034	110.306
2179.1677	110.308
2180.1318	110.31
2181.0962	110.311
2182.0603	110.309
2183.0247	110.306
2183.9888	110.304
2184.9531	110.305
2185.9172	110.308
2186.8816	110.313
2187.8457	110.318
2188.8101	110.321
2189.7742	110.321
2190.7385	110.318
2191.7026	110.313
2192.6670	110.309
2193.6311	110.305
2194.5955	110.303
2195.5596	110.302
2196.5239	110.303
2197.4880	110.304
2198.4524	110.307
2199.4165	110.312
2200.3809	110.319
2201.3450	110.327
2202.3093	110.336
2203.2734	110.345
2204.2378	110.355
2205.2019	110.365
2206.1663	110.377
2207.1304	110.388
2208.0947	110.398
2209.0588	110.406
2210.0232	110.41
2210.9873	110.412
2211.9517	110.414
2212.9158	110.419
2213.8801	110.427
2214.8442	110.439
2215.8086	110.452
2216.7727	110.465
2217.7371	110.477
2218.7012	110.487
2219.6655	110.496
2220.6296	110.505
2221.5940	110.512
2222.5581	110.517
2223.5225	110.519
2224.4866	110.518
2225.4509	110.515
2226.4150	110.512
2227.3794	110.51
2228.3435	110.51
2229.3079	110.511
2230.2720	110.511
2231.2363	110.512
2232.2004	110.511
2233.1648	110.511
2234.1289	110.511
2235.0933	110.511
2236.0574	110.51
2237.0217	110.509
2237.9858	110.506
2238.9502	110.499
2239.9143	110.49
2240.8787	110.479
2241.8428	110.466
2242.8071	110.473
2243.7712	110.479
2244.7356	110.485
2245.6997	110.492
2246.6641	110.498
2247.6282	110.505
2248.5925	110.511
2249.5566	110.517
2250.5210	110.524
2251.4851	110.53
2252.4495	110.537
2253.4136	110.543
2254.3779	110.549
2255.3420	110.556
2256.3064	110.562
2257.2705	110.569
2258.2349	110.575
2259.1990	110.581
2260.1633	110.588
2261.1274	110.594
2262.0918	110.601
2263.0559	110.607
2264.0203	110.613
2264.9844	110.62
2265.9487	110.626
2266.9128	110.633
2267.8772	110.639
2268.8413	110.645
2269.8057	110.652
2270.7698	110.658
2271.7341	110.665
2272.6982	110.671
2273.6626	110.678
2274.6267	110.684
2275.5911	110.69
2276.5552	110.697
2277.5195	110.703
2278.4836	110.71
2279.4480	110.716
2280.4121	110.722
2281.3765	110.729
2282.3406	110.735
2283.3049	110.742
2284.2690	110.748
2285.2334	110.754
2286.1975	110.761
2287.1619	110.767
2288.1260	110.774
2289.0903	110.78
2290.0544	110.786
2291.0188	110.793
2291.9829	110.799
2292.9473	110.806
2293.9114	110.812
2294.8757	110.818
2295.8398	110.825
2296.8042	110.831
2297.7683	110.838
2298.7327	110.844
2299.6968	110.85
2300.6611	110.857
2301.6252	110.863
2302.5896	110.87
2303.5537	110.876
2304.5181	110.883
2305.4822	110.889
2306.4465	110.895
2307.4106	110.902
2308.3750	110.908
2309.3391	110.915
2310.3035	110.921
2311.2676	110.927
2312.2319	110.934
2313.1960	110.94
2314.1604	110.947
2315.1245	110.953
2316.0889	110.959
2317.0530	110.966
2318.0173	110.972
2318.9814	110.979
2319.9458	110.985
2320.9099	110.991
2321.8743	110.998
2322.8384	111.004
2323.8027	111.011
2324.7668	111.017
2325.7312	111.023
2326.6953	111.03
2327.6597	111.036
2328.6238	111.043
2329.5881	111.049
2330.5522	111.055
2331.5166	111.062
2332.4807	111.068
2333.4451	111.075
2334.4092	111.081
2335.3735	111.088
2336.3376	111.094
2337.3020	111.1
2338.2661	111.107
2339.2305	111.113
2340.1946	111.12
2341.1589	111.126
2342.1230	111.132
2343.0874	111.139
2344.0515	111.145
2345.0159	111.152
2345.9800	111.158
2346.9443	111.164
2347.9084	111.171
2348.8728	111.177
2349.8369	111.184
2350.8013	111.19
2351.7654	111.196
2352.7297	111.203
2353.6938	111.209
2354.6582	111.216
2355.6223	111.222
2356.5867	111.228
2357.5508	111.235
2358.5151	111.241
2359.4792	111.248
2360.4436	111.254
2361.4077	111.26
2362.3721	111.267
2363.3362	111.273
2364.3005	111.28
2365.2646	111.286
2366.2290	111.293
2367.1931	111.299
2368.1575	111.305
2369.1216	111.312
2370.0859	111.318
2371.0500	111.325
2372.0144	111.331
2372.9785	111.337
2373.9429	111.344
2374.9070	111.35
2375.8713	111.357
2376.8354	111.363
2377.7998	111.369
2378.7639	111.376
2379.7283	111.382
2380.6924	111.389
2381.6567	111.395
2382.6208	111.401
2383.5852	111.408
2384.5493	111.414
2385.5137	111.421
2386.4778	111.427
2387.4421	111.433
2388.4063	111.44
2389.3706	111.446
2390.3347	111.453
2391.2991	111.459
2392.2632	111.465
2393.2275	111.472
2394.1917	111.478
2395.1560	111.485
2396.1201	111.491
2397.0845	111.498
2398.0486	111.504
2399.0129	111.51
2399.9771	111.517
2400.9414	111.523
2401.9055	111.53
2402.8699	111.536
2403.8340	111.542
2404.7983	111.549
2405.7625	111.555
2406.7268	111.562
2407.6909	111.568
2408.6553	111.574
2409.6194	111.581
2410.5837	111.587
2411.5479	111.594
2412.5122	111.6
2413.4763	111.606
2414.4407	111.613
2415.4048	111.619
2416.3691	111.626
2417.3333	111.632
2418.2976	111.638
2419.2617	111.645
2420.2261	111.651
2421.1902	111.658
2422.1545	111.664
2423.1187	111.67
2424.0830	111.677
2425.0471	111.683
2426.0115	111.69
2426.9756	111.696
2427.9399	111.703
2428.9041	111.709
2429.8684	111.713
2430.8325	111.717
2431.7969	111.723
2432.7610	111.73
2433.7253	111.739
2434.6895	111.749
2435.6538	111.757
2436.6179	111.764
2437.5823	111.769
2438.5464	111.771
2439.5107	111.771
2440.4749	111.77
2441.4392	111.767
2442.4033	111.766
2443.3677	111.766
2444.3318	111.766
2445.2961	111.766
2446.2603	111.764
2447.2246	111.76
2448.1887	111.755
2449.1531	111.75
2450.1172	111.748
2451.0815	111.749
2452.0457	111.752
2453.0100	111.756
2453.9741	111.758
2454.9385	111.761
2455.9026	111.764
2456.8669	111.771
2457.8311	111.781
2458.7954	111.793
2459.7595	111.806
2460.7239	111.819
2461.6880	111.832
2462.6523	111.843
2463.6165	111.856
2464.5808	111.87
2465.5449	111.884
2466.5093	111.897
2467.4734	111.907
2468.4377	111.913
2469.4019	111.916
2470.3662	111.916
2471.3303	111.915
2472.2947	111.915
2473.2588	111.915
2474.2231	111.917
2475.1873	111.921
2476.1516	111.927
2477.1157	111.936
2478.0801	111.946
2479.0442	111.957
2480.0085	111.968
2480.9727	111.976
2481.9370	111.979
2482.9011	111.977
2483.8655	111.969
2484.8296	111.958
2485.7939	111.944
2486.7581	111.929
2487.7224	111.916
2488.6865	111.905
2489.6509	111.899
2490.6150	111.899
2491.5793	111.907
2492.5435	111.923
2493.5078	111.948
2494.4719	111.978
2495.4363	112.014
2496.4004	112.052
2497.3647	112.091
2498.3289	112.13
2499.2932	112.166
2500.2573	112.197
2501.2217	112.222
2502.1858	112.24
2503.1501	112.252
2504.1143	112.26
2505.0786	112.265
2506.0427	112.269
2507.0071	112.275
2507.9712	112.284
2508.9355	112.294
2509.8997	112.306
2510.8640	112.32
2511.8281	112.333
2512.7925	112.344
2513.7566	112.353
2514.7209	112.359
2515.6851	112.36
2516.6494	112.357
2517.6135	112.349
2518.5779	112.337
2519.5420	112.32
2520.5063	112.298
2521.4705	112.272
2522.4348	112.243
2523.3989	112.214
2524.3633	112.188
2525.3274	112.167
2526.2917	112.153
2527.2559	112.145
2528.2202	112.142
2529.1843	112.142
2530.1487	112.145
2531.1128	112.15
2532.0771	112.156
2533.0413	112.162
2534.0056	112.168
2534.9697	112.174
2535.9341	112.18
2536.8982	112.186
2537.8625	112.193
2538.8267	112.2
2539.7910	112.205
2540.7551	112.209
2541.7195	112.212
2542.6836	112.213
2543.6479	112.214
2544.6121	112.217
2545.5764	112.221
2546.5405	112.226
2547.5049	112.231
2548.4690	112.237
2549.4333	112.242
2550.3975	112.246
2551.3618	112.25
2552.3259	112.252
2553.2903	112.255
2554.2544	112.258
2555.2188	112.262
2556.1829	112.266
2557.1472	112.271
2558.1113	112.276
2559.0757	112.28
2560.0398	112.282
2561.0042	112.283
2561.9683	112.283
2562.9326	112.282
2563.8967	112.28
2564.8611	112.275
2565.8252	112.269
2566.7896	112.263
2567.7537	112.262
2568.7180	112.269
2569.6821	112.284
2570.6465	112.303
2571.6106	112.323
2572.5750	112.339
2573.5391	112.347
2574.5034	112.349
2575.4675	112.348
2576.4319	112.345
2577.3960	112.342
2578.3604	112.339
2579.3245	112.338
2580.2888	112.337
2581.2529	112.338
2582.2173	112.341
2583.1814	112.344
2584.1458	112.345
2585.1099	112.343
2586.0742	112.338
2587.0383	112.33
2588.0027	112.322
2588.9668	112.317
2589.9312	112.316
2590.8953	112.316
2591.8596	112.314
2592.8237	112.307
2593.7881	112.294
2594.7522	112.28
2595.7166	112.268
2596.6807	112.262
2597.6450	112.263
2598.6091	112.266
2599.5735	112.269
2600.5376	112.27
2601.5020	112.268
2602.4661	112.266
2603.4304	112.266
2604.3945	112.268
2605.3589	112.272
2606.3230	112.276
2607.2874	112.28
2608.2515	112.286
2609.2158	112.294
2610.1799	112.306
2611.1443	112.321
2612.1084	112.336
2613.0728	112.35
2614.0369	112.36
2615.0012	112.367
2615.9653	112.37
2616.9297	112.372
2617.8938	112.373
2618.8582	112.373
2619.8223	112.373
2620.7866	112.375
2621.7507	112.379
2622.7151	112.386
2623.6792	112.395
2624.6436	112.407
2625.6077	112.418
2626.5720	112.426
2627.5361	112.431
2628.5005	112.434
2629.4646	112.435
2630.4290	112.437
2631.3931	112.441
2632.3574	112.446
2633.3215	112.452
2634.2859	112.457
2635.2500	112.462
2636.2144	112.467
2637.1785	112.471
2638.1428	112.476
2639.1069	112.482
2640.0713	112.487
2641.0354	112.491
2641.9998	112.496
2642.9639	112.501
2643.9282	112.507
2644.8923	112.514
2645.8567	112.521
2646.8208	112.527
2647.7852	112.532
2648.7493	112.536
2649.7136	112.539
2650.6777	112.542
2651.6421	112.546
2652.6062	112.55
2653.5706	112.553
2654.5347	112.557
2655.4990	112.561
2656.4631	112.565
2657.4275	112.568
2658.3916	112.572
2659.3560	112.576
2660.3201	112.579
2661.2844	112.583
2662.2485	112.587
2663.2129	112.591
2664.1770	112.593
2665.1414	112.592
2666.1055	112.589
2667.0698	112.583
2668.0339	112.575
2668.9983	112.568
2669.9624	112.561
2670.9268	112.557
2671.8909	112.555
2672.8552	112.555
2673.8193	112.555
2674.7837	112.555
2675.7478	112.553
2676.7122	112.549
2677.6763	112.543
2678.6406	112.537
2679.6047	112.531
2680.5691	112.526
2681.5332	112.521
2682.4976	112.518
2683.4617	112.515
2684.4260	112.513
2685.3901	112.509
2686.3545	112.504
2687.3186	112.499
2688.2830	112.493
2689.2471	112.488
2690.2114	112.485
2691.1755	112.484
2692.1399	112.485
2693.1040	112.488
2694.0684	112.492
2695.0325	112.496
2695.9968	112.5
2696.9609	112.502
2697.9253	112.503
2698.8894	112.503
2699.8538	112.501
2700.8179	112.499
2701.7822	112.498
2702.7463	112.498
2703.7107	112.5
2704.6748	112.505
2705.6392	112.509
2706.6033	112.512
2707.5676	112.51
2708.5317	112.504
2709.4961	112.494
2710.4602	112.482
2711.4246	112.472
2712.3887	112.467
2713.3530	112.469
2714.3171	112.478
2715.2815	112.49
2716.2456	112.501
2717.2100	112.507
2718.1741	112.507
2719.1384	112.501
2720.1025	112.492
2721.0669	112.483
2722.0310	112.476
2722.9954	112.473
2723.9595	112.473
2724.9238	112.472
2725.8879	112.469
2726.8523	112.461
2727.8164	112.449
2728.7808	112.434
2729.7449	112.42
2730.7092	112.41
2731.6733	112.406
2732.6377	112.408
2733.6018	112.415
2734.5662	112.425
2735.5303	112.432
2736.4946	112.433
2737.4587	112.428
2738.4231	112.416
2739.3872	112.398
2740.3516	112.38
2741.3157	112.363
2742.2800	112.351
2743.2441	112.345
2744.2085	112.344
2745.1726	112.346
2746.1370	112.348
2747.1011	112.348
2748.0654	112.347
2749.0295	112.346
2749.9939	112.347
2750.9580	112.351
2751.9224	112.357
2752.8865	112.364
2753.8508	112.37
2754.8149	112.373
2755.7793	112.372
2756.7434	112.367
2757.7078	112.359
2758.6719	112.35
2759.6362	112.344
2760.6003	112.341
2761.5647	112.342
2762.5288	112.347
2763.4932	112.355
2764.4573	112.364
2765.4216	112.371
2766.3857	112.377
2767.3501	112.379
2768.3142	112.379
2769.2786	112.375
2770.2427	112.369
2771.2070	112.363
2772.1711	112.356
2773.1355	112.351
2774.0996	112.346
2775.0640	112.341
2776.0281	112.334
2776.9924	112.326
2777.9565	112.316
2778.9209	112.306
2779.8850	112.299
2780.8494	112.297
2781.8135	112.299
2782.7778	112.305
2783.7419	112.312
2784.7063	112.319
2785.6704	112.325
2786.6348	112.327
2787.5989	112.326
2788.5632	112.322
2789.5273	112.316
2790.4917	112.308
2791.4558	112.3
2792.4202	112.293
2793.3843	112.289
2794.3486	112.287
2795.3127	112.288
2796.2771	112.288
2797.2412	112.287
2798.2056	112.285
2799.1697	112.281
2800.1340	112.279
2801.0981	112.279
2802.0625	112.283
2803.0266	112.29
2803.9910	112.296
2804.9551	112.3
2805.9194	112.3
2806.8835	112.294
2807.8479	112.283
2808.8120	112.266
2809.7764	112.246
2810.7405	112.223
2811.7048	112.198
2812.6689	112.175
2813.6333	112.153
2814.5974	112.134
2815.5618	112.118
2816.5259	112.103
2817.4902	112.089
2818.4543	112.077
2819.4187	112.065
2820.3828	112.056
2821.3472	112.05
2822.3113	112.046
2823.2756	112.041
2824.2397	112.034
2825.2041	112.02
2826.1682	111.999
2827.1326	111.973
2828.0967	111.944
2829.0610	111.917
2830.0251	111.893
2830.9895	111.873
2831.9536	111.857
2832.9180	111.844
2833.8821	111.834
2834.8464	111.827
2835.8105	111.822
2836.7749	111.82
2837.7390	111.819
2838.7034	111.821
2839.6675	111.823
2840.6318	111.823
2841.5959	111.821
2842.5603	111.813
2843.5244	111.799
2844.4888	111.78
2845.4529	111.757
2846.4172	111.732
2847.3813	111.708
2848.3457	111.689
2849.3098	111.676
2850.2742	111.67
2851.2383	111.669
2852.2026	111.67
2853.1667	111.672
2854.1311	111.672
2855.0952	111.671
2856.0596	111.671
2857.0237	111.671
2857.9880	111.674
2858.9521	111.678
2859.9165	111.682
2860.8806	111.682
2861.8450	111.679
2862.8091	111.673
2863.7734	111.666
2864.7375	111.661
2865.7019	111.658
2866.6660	111.658
2867.6304	111.661
2868.5945	111.665
2869.5588	111.669
2870.5229	111.672
2871.4873	111.674
2872.4514	111.674
2873.4158	111.672
2874.3799	111.669
2875.3442	111.664
2876.3083	111.658
2877.2727	111.653
2878.2368	111.648
2879.2012	111.644
2880.1653	111.639
2881.1296	111.632
2882.0938	111.62
2883.0581	111.604
2884.0222	111.584
2884.9866	111.563
2885.9507	111.542
2886.9150	111.524
2887.8792	111.508
2888.8435	111.495
2889.8076	111.483
2890.7720	111.47
2891.7361	111.456
2892.7004	111.44
2893.6646	111.422
2894.6289	111.402
2895.5930	111.381
2896.5574	111.359
2897.5215	111.336
2898.4858	111.31
2899.4500	111.281
2900.4143	111.248
2901.3784	111.213
2902.3428	111.177
2903.3069	111.144
2904.2712	111.115
2905.2354	111.092
2906.1997	111.074
2907.1638	111.059
2908.1282	111.046
2909.0923	111.032
2910.0566	111.015
2911.0208	110.992
2911.9851	110.966
2912.9492	110.94
2913.9136	110.917
2914.8777	110.903
2915.8420	110.899
2916.8062	110.905
2917.7705	110.916
2918.7346	110.929
2919.6990	110.94
2920.6631	110.949
2921.6274	110.956
2922.5916	110.964
2923.5559	110.976
2924.5200	110.991
2925.4844	111.008
2926.4485	111.023
2927.4128	111.034
2928.3770	111.042
2929.3413	111.046
2930.3054	111.048
2931.2698	111.051
2932.2339	111.056
2933.1982	111.063
2934.1624	111.073
2935.1267	111.085
2936.0908	111.097
2937.0552	111.109
2938.0193	111.117
2938.9836	111.12
2939.9478	111.119
2940.9121	111.113
2941.8762	111.107
2942.8406	111.101
2943.8047	111.096
2944.7690	111.093
2945.7332	111.089
2946.6975	111.082
2947.6616	111.07
2948.6260	111.054
2949.5901	111.034
2950.5544	111.015
2951.5186	110.997
2952.4829	110.983
2953.4470	110.971
2954.4114	110.96
2955.3755	110.946
2956.3398	110.927
2957.3040	110.903
2958.2683	110.875
2959.2324	110.844
2960.1968	110.813
2961.1609	110.783
2962.1252	110.756
2963.0894	110.731
2964.0537	110.709
2965.0178	110.692
2965.9822	110.68
2966.9463	110.672
2967.9106	110.668
2968.8748	110.666
2969.8391	110.666
2970.8032	110.667
2971.7676	110.669
2972.7317	110.673
2973.6960	110.677
2974.6602	110.682
2975.6245	110.685
2976.5886	110.687
2977.5530	110.689
2978.5171	110.691
2979.4814	110.697
2980.4456	110.709
2981.4099	110.725
2982.3740	110.744
2983.3384	110.764
2984.3025	110.781
2985.2668	110.795
2986.2310	110.804
2987.1953	110.808
2988.1594	110.805
2989.1238	110.796
2990.0879	110.782
2991.0522	110.763
2992.0164	110.743
2992.9807	110.727
2993.9448	110.715
2994.9092	110.709
2995.8733	110.705
2996.8376	110.702
2997.8018	110.697
2998.7661	110.688
2999.7302	110.676
3000.6946	110.66
3001.6587	110.639
3002.6230	110.615
3003.5872	110.586
3004.5515	110.556
3005.5156	110.527
3006.4800	110.503
3007.4441	110.487
3008.4084	110.48
3009.3726	110.48
3010.3369	110.484
3011.3010	110.491
3012.2654	110.498
3013.2295	110.505
3014.1938	110.511
3015.1580	110.515
3016.1223	110.515
3017.0864	110.508
3018.0508	110.494
3019.0149	110.475
3019.9792	110.456
3020.9434	110.441
3021.9077	110.434
3022.8718	110.437
3023.8362	110.448
3024.8003	110.463
3025.7646	110.481
3026.7288	110.497
3027.6931	110.512
3028.6572	110.523
3029.6216	110.531
3030.5857	110.534
3031.5500	110.531
3032.5142	110.522
3033.4785	110.509
3034.4426	110.494
3035.4070	110.479
3036.3711	110.466
3037.3354	110.456
3038.2996	110.449
3039.2639	110.445
3040.2280	110.445
3041.1924	110.448
3042.1565	110.452
3043.1208	110.458
3044.0850	110.463
3045.0493	110.465
3046.0134	110.462
3046.9778	110.453
3047.9419	110.44
3048.9063	110.424
3049.8704	110.406
3050.8347	110.385
3051.7988	110.363
3052.7632	110.341
3053.7273	110.32
3054.6917	110.303
3055.6558	110.292
3056.6201	110.288
3057.5842	110.288
3058.5486	110.291
3059.5127	110.292
3060.4771	110.29
3061.4412	110.284
3062.4055	110.278
3063.3696	110.273
3064.3340	110.27
3065.2981	110.27
3066.2625	110.271
3067.2266	110.271
3068.1909	110.269
3069.1550	110.262
3070.1194	110.252
3071.0835	110.24
3072.0479	110.23
3073.0120	110.224
3073.9763	110.224
3074.9404	110.23
3075.9048	110.239
3076.8689	110.249
3077.8333	110.256
3078.7974	110.259
3079.7617	110.254
3080.7258	110.243
3081.6902	110.227
3082.6543	110.209
3083.6187	110.191
3084.5828	110.175
3085.5471	110.161
3086.5112	110.15
3087.4756	110.139
3088.4397	110.126
3089.4041	110.108
3090.3682	110.086
3091.3325	110.06
3092.2966	110.032
3093.2610	110.007
3094.2251	109.987
3095.1895	109.972
3096.1536	109.962
3097.1179	109.954
3098.0820	109.947
3099.0464	109.942
3100.0105	109.94
3100.9749	109.942
3101.9390	109.948
3102.9033	109.954
3103.8674	109.957
3104.8318	109.954
3105.7959	109.944
3106.7603	109.93
3107.7244	109.914
3108.6887	109.898
3109.6528	109.882
3110.6172	109.864
3111.5813	109.843
3112.5457	109.82
3113.5098	109.797
3114.4741	109.78
3115.4382	109.771
3116.4026	109.771
3117.3667	109.778
3118.3311	109.786
3119.2952	109.79
3120.2595	109.786
3121.2236	109.773
3122.1880	109.754
3123.1521	109.731
3124.1165	109.706
3125.0806	109.681
3126.0449	109.656
3127.0090	109.633
3127.9734	109.612
3128.9375	109.595
3129.9019	109.583
3130.8660	109.577
3131.8303	109.573
3132.7944	109.57
3133.7588	109.568
3134.7229	109.567
3135.6873	109.565
3136.6514	109.566
3137.6157	109.567
3138.5798	109.568
3139.5442	109.568
3140.5083	109.564
3141.4727	109.556
3142.4368	109.546
3143.4011	109.534
3144.3652	109.524
3145.3296	109.518
3146.2937	109.515
3147.2581	109.515
3148.2222	109.518
3149.1865	109.521
3150.1506	109.525
3151.1150	109.528
3152.0791	109.532
3153.0435	109.534
3154.0076	109.534
3154.9719	109.531
3155.9360	109.523
3156.9004	109.511
3157.8645	109.494
3158.8289	109.474
3159.7930	109.454
3160.7573	109.436
3161.7214	109.42
3162.6858	109.404
3163.6499	109.388
3164.6143	109.371
3165.5784	109.353
3166.5427	109.336
3167.5068	109.32
3168.4712	109.303
3169.4353	109.284
3170.3997	109.258
3171.3638	109.225
3172.3281	109.187
3173.2922	109.151
3174.2566	109.122
3175.2207	109.103
3176.1851	109.096
3177.1492	109.097
3178.1135	109.102
3179.0776	109.109
3180.0420	109.113
3181.0061	109.114
3181.9705	109.11
3182.9346	109.101
3183.8989	109.086
3184.8630	109.066
3185.8274	109.045
3186.7915	109.024
3187.7559	109.008
3188.7200	108.998
3189.6843	108.992
3190.6484	108.988
3191.6128	108.985
3192.5769	108.981
3193.5413	108.978
3194.5054	108.978
3195.4697	108.982
3196.4338	108.986
3197.3982	108.987
3198.3623	108.98
3199.3267	108.961
3200.2908	108.932
3201.2551	108.894
3202.2192	108.851
3203.1836	108.81
3204.1477	108.773
3205.1121	108.746
3206.0762	108.729
3207.0405	108.723
3208.0046	108.725
3208.9690	108.733
3209.9331	108.74
3210.8975	108.743
3211.8616	108.74
3212.8259	108.728
3213.7900	108.711
3214.7544	108.691
3215.7185	108.671
3216.6829	108.653
3217.6470	108.638
3218.6113	108.628
3219.5754	108.621
3220.5398	108.617
3221.5039	108.614
3222.4683	108.612
3223.4324	108.608
3224.3967	108.602
3225.3608	108.591
3226.3252	108.574
3227.2893	108.551
3228.2537	108.524
3229.2178	108.494
3230.1821	108.464
3231.1462	108.437
3232.1106	108.416
3233.0747	108.402
3234.0391	108.392
3235.0032	108.383
3235.9675	108.373
3236.9316	108.359
3237.8960	108.34
3238.8601	108.318
3239.8245	108.296
3240.7886	108.274
3241.7529	108.255
3242.7170	108.237
3243.6814	108.218
3244.6455	108.197
3245.6099	108.175
3246.5740	108.155
3247.5383	108.141
3248.5024	108.135
3249.4668	108.139
3250.4309	108.149
3251.3953	108.162
3252.3594	108.173
3253.3237	108.179
3254.2878	108.177
3255.2522	108.169
3256.2163	108.156
3257.1807	108.138
3258.1448	108.117
3259.1091	108.093
3260.0732	108.067
3261.0376	108.042
3262.0017	108.019
3262.9661	107.999
3263.9302	107.981
3264.8945	107.962
3265.8586	107.94
3266.8230	107.915
3267.7871	107.889
3268.7515	107.864
3269.7156	107.842
3270.6799	107.821
3271.6440	107.8
3272.6084	107.776
3273.5725	107.748
3274.5369	107.718
3275.5010	107.688
3276.4653	107.661
3277.4294	107.635
3278.3938	107.609
3279.3579	107.582
3280.3223	107.552
3281.2864	107.523
3282.2507	107.498
3283.2148	107.48
3284.1792	107.469
3285.1433	107.464
3286.1077	107.463
3287.0718	107.462
3288.0361	107.46
3289.0002	107.456
3289.9646	107.452
3290.9287	107.448
3291.8931	107.446
3292.8572	107.445
3293.8215	107.446
3294.7856	107.446
3295.7500	107.443
3296.7141	107.436
3297.6785	107.422
3298.6426	107.404
3299.6069	107.383
3300.5710	107.363
3301.5354	107.347
3302.4995	107.337
3303.4639	107.33
3304.4280	107.325
3305.3923	107.319
3306.3564	107.309
3307.3208	107.296
3308.2849	107.281
3309.2493	107.266
3310.2134	107.25
3311.1777	107.235
3312.1418	107.218
3313.1062	107.201
3314.0703	107.183
3315.0347	107.167
3315.9988	107.152
3316.9631	107.141
3317.9272	107.133
3318.8916	107.126
3319.8557	107.122
3320.8201	107.122
3321.7842	107.125
3322.7485	107.131
3323.7126	107.139
3324.6770	107.145
3325.6411	107.146
3326.6055	107.142
3327.5696	107.135
3328.5339	107.127
3329.4980	107.123
3330.4624	107.124
3331.4265	107.13
3332.3909	107.136
3333.3550	107.141
3334.3193	107.141
3335.2834	107.137
3336.2478	107.131
3337.2119	107.126
3338.1763	107.123
3339.1404	107.122
3340.1047	107.12
3341.0688	107.113
3342.0332	107.1
3342.9973	107.08
3343.9617	107.056
3344.9258	107.03
3345.8901	107.004
3346.8542	106.979
3347.8186	106.957
3348.7827	106.939
3349.7471	106.926
3350.7112	106.915
3351.6755	106.903
3352.6396	106.886
3353.6040	106.861
3354.5681	106.828
3355.5325	106.79
3356.4966	106.751
3357.4609	106.713
3358.4250	106.678
3359.3894	106.645
3360.3535	106.612
3361.3179	106.578
3362.2820	106.541
3363.2463	106.502
3364.2104	106.464
3365.1748	106.427
3366.1389	106.392
3367.1033	106.36
3368.0674	106.328
3369.0317	106.298
3369.9958	106.27
3370.9602	106.245
3371.9243	106.226
3372.8887	106.212
3373.8528	106.205
3374.8171	106.203
3375.7813	106.204
3376.7456	106.206
3377.7097	106.207
3378.6741	106.204
3379.6382	106.198
3380.6025	106.19
3381.5667	106.184
3382.5310	106.183
3383.4951	106.188
3384.4595	106.2
3385.4236	106.218
3386.3879	106.237
3387.3521	106.254
3388.3164	106.265
3389.2805	106.269
3390.2449	106.267
3391.2090	106.263
3392.1733	106.262
3393.1375	106.267
3394.1018	106.278
3395.0659	106.293
3396.0303	106.307
3396.9944	106.316
3397.9587	106.319
3398.9229	106.316
3399.8872	106.31
3400.8513	106.303
3401.8157	106.298
3402.7798	106.296
3403.7441	106.296
3404.7083	106.296
3405.6726	106.295
3406.6367	106.287
3407.6011	106.272
3408.5652	106.247
3409.5295	106.213
3410.4937	106.174
3411.4580	106.134
3412.4221	106.098
3413.3865	106.069
3414.3506	106.047
3415.3149	106.03
3416.2791	106.015
3417.2434	105.997
3418.2075	105.975
3419.1719	105.949
3420.1360	105.922
3421.1003	105.895
3422.0645	105.871
3423.0288	105.849
3423.9929	105.829
3424.9573	105.81
3425.9214	105.788
3426.8857	105.76
3427.8499	105.724
3428.8142	105.679
3429.7783	105.625
3430.7427	105.568
3431.7068	105.51
3432.6711	105.458
3433.6353	105.414
3434.5996	105.38
3435.5637	105.357
3436.5281	105.345
3437.4922	105.341
3438.4565	105.343
3439.4207	105.346
3440.3850	105.349
3441.3491	105.35
3442.3135	105.345
3443.2776	105.335
3444.2419	105.318
3445.2061	105.293
3446.1704	105.262
3447.1345	105.228
3448.0989	105.195
3449.0630	105.169
3450.0273	105.15
3450.9915	105.138
3451.9558	105.132
3452.9199	105.132
3453.8843	105.139
3454.8484	105.156
3455.8127	105.184
3456.7769	105.22
3457.7412	105.256
3458.7053	105.283
3459.6697	105.29
3460.6338	105.272
3461.5981	105.233
3462.5623	105.181
3463.5266	105.129
3464.4907	105.088
3465.4551	105.063
3466.4192	105.052
3467.3835	105.049
3468.3477	105.048
3469.3120	105.043
3470.2761	105.035
3471.2405	105.027
3472.2046	105.02
3473.1689	105.018
3474.1331	105.02
3475.0974	105.026
3476.0615	105.035
3477.0259	105.044
3477.9900	105.049
3478.9543	105.048
3479.9185	105.038
3480.8828	105.021
3481.8469	104.998
3482.8113	104.977
3483.7754	104.965
3484.7397	104.967
3485.7039	104.985
3486.6682	105.011
3487.6323	105.035
3488.5967	105.045
3489.5608	105.034
3490.5251	105.005
3491.4893	104.97
3492.4536	104.942
3493.4177	104.928
3494.3821	104.926
3495.3462	104.928
3496.3105	104.927
3497.2747	104.918
3498.2390	104.905
3499.2031	104.892
3500.1675	104.883
3501.1316	104.878
3502.0959	104.87
3503.0601	104.856
3504.0244	104.834
3504.9885	104.808
3505.9529	104.784
3506.9170	104.769
3507.8813	104.762
3508.8455	104.761
3509.8098	104.76
3510.7739	104.753
3511.7383	104.738
3512.7026	104.718
3513.6667	104.693
3514.6311	104.666
3515.5952	104.639
3516.5596	104.615
3517.5237	104.598
3518.4880	104.593
3519.4521	104.599
3520.4165	104.611
3521.3806	104.619
3522.3450	104.613
3523.3091	104.588
3524.2734	104.549
3525.2375	104.507
3526.2019	104.479
3527.1660	104.472
3528.1304	104.489
3529.0945	104.52
3530.0588	104.55
3531.0229	104.564
3531.9873	104.553
3532.9514	104.516
3533.9158	104.467
3534.8799	104.421
3535.8442	104.393
3536.8083	104.387
3537.7727	104.398
3538.7368	104.413
3539.7012	104.42
3540.6653	104.411
3541.6296	104.391
3542.5938	104.367
3543.5581	104.349
3544.5222	104.343
3545.4866	104.348
3546.4507	104.361
3547.4150	104.38
3548.3792	104.405
3549.3435	104.435
3550.3076	104.465
3551.2720	104.481
3552.2361	104.466
3553.2004	104.403
3554.1646	104.293
3555.1289	104.156
3556.0930	104.028
3557.0574	103.938
3558.0215	103.892
3558.9858	103.877
3559.9500	103.872
3560.9143	103.862
3561.8784	103.842
3562.8428	103.822
3563.8069	103.809
3564.7712	103.803
3565.7354	103.794
3566.6997	103.771
3567.6638	103.731
3568.6282	103.686
3569.5923	103.654
3570.5566	103.651
3571.5208	103.669
3572.4851	103.687
3573.4492	103.67
3574.4136	103.601
3575.3777	103.492
3576.3420	103.384
3577.3062	103.327
3578.2705	103.345
3579.2346	103.426
3580.1990	103.526
3581.1631	103.599
3582.1274	103.621
3583.0916	103.596
3584.0559	103.547
3585.0200	103.496
3585.9844	103.453
3586.9485	103.418
3587.9128	103.385
3588.8770	103.354
3589.8413	103.331
3590.8054	103.32
3591.7698	103.314
3592.7339	103.292
3593.6982	103.236
3594.6624	103.136
3595.6267	103.007
3596.5908	102.88
3597.5552	102.791
3598.5193	102.758
3599.4836	102.776
3600.4478	102.813
3601.4121	102.84
3602.3762	102.843
3603.3406	102.823
3604.3047	102.789
3605.2690	102.746
3606.2332	102.69
3607.1975	102.617
3608.1616	102.536
3609.1260	102.468
3610.0901	102.438
3611.0544	102.463
3612.0186	102.536
3612.9829	102.625
3613.9470	102.682
3614.9114	102.662
3615.8755	102.545
3616.8398	102.361
3617.8040	102.169
3618.7683	102.026
3619.7324	101.95
3620.6968	101.924
3621.6609	101.92
3622.6252	101.913
3623.5894	101.892
3624.5537	101.859
3625.5178	101.821
3626.4822	101.785
3627.4463	101.76
3628.4106	101.759
3629.3748	101.804
3630.3391	101.909
3631.3032	102.073
3632.2676	102.266
3633.2317	102.437
3634.1960	102.524
3635.1602	102.484
3636.1245	102.309
3637.0886	102.049
3638.0530	101.799
3639.0171	101.656
3639.9814	101.661
3640.9456	101.788
3641.9099	101.957
3642.8740	102.089
3643.8384	102.145
3644.8025	102.134
3645.7668	102.097
3646.7310	102.073
3647.6953	102.082
3648.6594	102.121
3649.6238	102.176
3650.5879	102.236
3651.5522	102.298
3652.5164	102.361
3653.4807	102.415
3654.4448	102.439
3655.4092	102.41
3656.3733	102.32
3657.3376	102.193
3658.3018	102.086
3659.2661	102.06
3660.2302	102.137
3661.1946	102.276
3662.1587	102.386
3663.1230	102.39
3664.0872	102.274
3665.0515	102.086
3666.0156	101.899
3666.9800	101.764
3667.9441	101.699
3668.9084	101.691
3669.8726	101.714
3670.8369	101.743
3671.8010	101.767
3672.7654	101.78
3673.7295	101.771
3674.6938	101.712
3675.6580	101.57
3676.6223	101.335
3677.5864	101.035
3678.5508	100.73
3679.5149	100.487
3680.4792	100.341
3681.4434	100.287
3682.4077	100.286
3683.3718	100.295
3684.3362	100.296
3685.3003	100.299
3686.2646	100.331
3687.2288	100.406
3688.1931	100.512
3689.1572	100.613
3690.1216	100.685
3691.0857	100.732
3692.0500	100.772
3693.0142	100.824
3693.9785	100.889
3694.9426	100.947
3695.9070	100.972
3696.8711	100.942
3697.8354	100.853
3698.7996	100.734
3699.7639	100.634
3700.7280	100.599
3701.6924	100.636
3702.6565	100.719
3703.6208	100.808
3704.5850	100.872
3705.5493	100.897
3706.5134	100.879
3707.4778	100.821
3708.4419	100.733
3709.4063	100.629
3710.3704	100.522
3711.3347	100.426
3712.2988	100.353
3713.2632	100.307
3714.2273	100.287
3715.1917	100.281
3716.1558	100.276
3717.1201	100.256
3718.0842	100.209
3719.0486	100.131
3720.0127	100.02
3720.9771	99.882
3721.9412	99.733
3722.9055	99.5935
3723.8696	99.4844
3724.8340	99.4202
3725.7981	99.4056
3726.7625	99.4345
3727.7266	99.4921
3728.6909	99.5563
3729.6550	99.5993
3730.6194	99.5956
3731.5835	99.5375
3732.5479	99.4491
3733.5120	99.376
3734.4763	99.3521
3735.4404	99.3763
3736.4048	99.4114
3737.3689	99.4025
3738.3333	99.3067
3739.2974	99.1233
3740.2617	98.8947
3741.2258	98.6755
3742.1902	98.5035
3743.1543	98.3941
3744.1187	98.3476
3745.0828	98.3578
3746.0471	98.4144
3747.0112	98.5008
3747.9756	98.591
3748.9397	98.6535
3749.9041	98.6622
3750.8682	98.6058
3751.8325	98.4913
3752.7966	98.3443
3753.7610	98.2034
3754.7251	98.1063
3755.6895	98.0684
3756.6536	98.067
3757.6179	98.0566
3758.5820	98.0075
3759.5464	97.9308
3760.5105	97.8711
3761.4749	97.8794
3762.4390	97.9802
3763.4033	98.1478
3764.3674	98.3172
3765.3318	98.4267
3766.2959	98.4527
3767.2603	98.4137
3768.2244	98.3521
3769.1887	98.3099
3770.1528	98.3103
3771.1172	98.3511
3772.0813	98.4115
3773.0457	98.4673
3774.0098	98.503
3774.9741	98.514
3775.9382	98.5043
3776.9026	98.4815
3777.8667	98.4548
3778.8311	98.4328
3779.7952	98.4224
3780.7595	98.4272
3781.7236	98.4465
3782.6880	98.4759
3783.6521	98.5092
3784.6165	98.5406
3785.5806	98.5638
3786.5449	98.5701
3787.5090	98.5505
3788.4734	98.5021
3789.4375	98.4338
3790.4019	98.3627
3791.3660	98.2997
3792.3303	98.2386
3793.2944	98.16
3794.2588	98.0462
3795.2229	97.898
3796.1873	97.7403
3797.1514	97.6102
3798.1157	97.536
3799.0798	97.5238
3800.0442	97.556
3801.0083	97.6005
3801.9727	97.6259
3802.9368	97.6185
3803.9011	97.5883
3804.8652	97.5557
3805.8296	97.529
3806.7937	97.4916
3807.7581	97.4118
3808.7222	97.2668
3809.6865	97.0642
3810.6506	96.842
3811.6150	96.6485
3812.5791	96.5161
3813.5435	96.4488
3814.5076	96.4268
3815.4719	96.4279
3816.4360	96.4446
3817.4004	96.4871
3818.3645	96.5678
3819.3289	96.6831
3820.2930	96.805
3821.2573	96.8921
3822.2214	96.9108
3823.1858	96.8487
3824.1499	96.7164
3825.1143	96.5416
3826.0784	96.3581
3827.0427	96.1918
3828.0068	96.0495
3828.9712	95.9245
3829.9353	95.8132
3830.8997	95.7271
3831.8638	95.6891
3832.8281	95.7184
3833.7922	95.8167
3834.7566	95.9684
3835.7207	96.151
3836.6851	96.343
3837.6492	96.5194
3838.6135	96.643
3839.5776	96.6643
3840.5420	96.5443
3841.5061	96.2941
3842.4705	95.9839
3843.4346	95.6987
3844.3989	95.4923
3845.3630	95.3799
3846.3274	95.3503
3847.2915	95.3806
3848.2559	95.4448
3849.2200	95.5208
3850.1843	95.5943
3851.1484	95.6615
3852.1128	95.728
3853.0769	95.8025
3854.0413	95.8871
3855.0054	95.9714
3855.9697	96.0329
3856.9338	96.0437
3857.8982	95.9814
3858.8623	95.8397
3859.8267	95.6322
3860.7908	95.3899
3861.7551	95.1568
3862.7192	94.9859
3863.6836	94.9307
3864.6477	95.0207
3865.6121	95.2284
3866.5762	95.4702
3867.5405	95.6596
3868.5046	95.7541
3869.4690	95.7564
3870.4331	95.6931
3871.3975	95.5967
3872.3616	95.4985
3873.3259	95.4256
3874.2900	95.3934
3875.2544	95.3962
3876.2185	95.406
3877.1829	95.3853
3878.1470	95.3082
3879.1113	95.1785
3880.0754	95.0336
3881.0398	94.9281
3882.0039	94.9052
3882.9683	94.9741
3883.9324	95.109
3884.8967	95.2641
3885.8608	95.3935
3886.8252	95.467
3887.7893	95.4762
3888.7537	95.4312
3889.7178	95.3508
3890.6821	95.2531
3891.6462	95.1503
3892.6106	95.049
3893.5747	94.9528
3894.5391	94.8663
3895.5032	94.7953
3896.4675	94.7442
3897.4316	94.7113
3898.3960	94.6896
3899.3601	94.673
3900.3245	94.6643
3901.2886	94.6751
3902.2529	94.7165
3903.2170	94.7869
3904.1814	94.8647
3905.1455	94.9172
3906.1099	94.9191
3907.0740	94.865
3908.0383	94.7682
3909.0024	94.6503
3909.9668	94.5323
3910.9309	94.4291
3911.8953	94.3511
3912.8594	94.3062
3913.8237	94.3017
3914.7878	94.3393
3915.7522	94.4085
3916.7163	94.486
3917.6807	94.5444
3918.6448	94.5653
3919.6091	94.5477
3920.5732	94.5062
3921.5376	94.4604
3922.5017	94.4241
3923.4661	94.3999
3924.4302	94.3817
3925.3945	94.3617
3926.3586	94.3349
3927.3230	94.3015
3928.2871	94.264
3929.2515	94.2254
3930.2156	94.1874
3931.1799	94.1519
3932.1440	94.1229
3933.1084	94.1046
3934.0725	94.0986
3935.0369	94.1015
3936.0010	94.1043
3936.9653	94.0975
3937.9294	94.0759
3938.8938	94.0433
3939.8579	94.0112
3940.8223	93.9936
3941.7864	94.0007
3942.7507	94.034
3943.7148	94.0847
3944.6792	94.1367
3945.6433	94.1728
3946.6077	94.1812
3947.5718	94.1581
3948.5361	94.108
3949.5002	94.0422
3950.4646	93.9764
3951.4287	93.926
3952.3931	93.9012
3953.3572	93.9026
3954.3215	93.9199
3955.2856	93.9372
3956.2500	93.9404
3957.2141	93.9247
3958.1785	93.896
3959.1426	93.8657
3960.1069	93.8432
3961.0710	93.8296
3962.0354	93.8178
3962.9995	93.7984
3963.9639	93.7661
3964.9280	93.7236
3965.8923	93.6791
3966.8564	93.6405
3967.8208	93.6113
3968.7849	93.5904
3969.7493	93.5748
3970.7134	93.5639
3971.6777	93.5605
3972.6418	93.5677
3973.6062	93.5854
3974.5703	93.6073
3975.5347	93.6234
3976.4988	93.624
3977.4631	93.6057
3978.4272	93.5721
3979.3916	93.5324
3980.3557	93.496
3981.3201	93.4686
3982.2842	93.4506
3983.2485	93.4407
3984.2126	93.4374
3985.1770	93.4416
3986.1411	93.4548
3987.1055	93.4769
3988.0696	93.504
3989.0339	93.5293
3989.9980	93.5466
3990.9624	93.5531
3991.9265	93.55
3992.8909	93.541
3993.8550	93.53
3994.8193	93.5194
3995.7834	93.5095
3996.7478	93.4991
3997.7119	93.4875
3998.6763	93.4761
3999.6404	93.4679
4000.6047	93.4669
